# Camera list with one line of data per camera:
#   CAMERA_ID, MODEL, WIDTH, HEIGHT, PARAMS[]
1 PINHOLE 5464 3640 4008.498389 4008.498389 2732.000000 1820.000000
2 PINHOLE 5464 3640 4021.930100 4021.930100 2732.000000 1820.000000
3 PINHOLE 5464 3640 4021.693649 4021.693649 2732.000000 1820.000000
4 PINHOLE 5464 3640 4017.920952 4017.920952 2732.000000 1820.000000
5 PINHOLE 5464 3640 4005.271800 4005.271800 2732.000000 1820.000000
6 PINHOLE 5464 3640 3999.905681 3999.905681 2732.000000 1820.000000
7 PINHOLE 5464 3640 4004.197425 4004.197425 2732.000000 1820.000000
8 PINHOLE 5464 3640 4011.730180 4011.730180 2732.000000 1820.000000
9 PINHOLE 5464 3640 4007.506250 4007.506250 2732.000000 1820.000000
10 PINHOLE 5464 3640 3987.085470 3987.085470 2732.000000 1820.000000
11 PINHOLE 5464 3640 3994.553920 3994.553920 2732.000000 1820.000000
12 PINHOLE 5464 3640 4004.197425 4004.197425 2732.000000 1820.000000
13 PINHOLE 5464 3640 3989.231522 3989.231522 2732.000000 1820.000000
14 PINHOLE 5464 3640 3931.432183 3931.432183 2732.000000 1820.000000
15 PINHOLE 5464 3640 3980.940827 3980.940827 2732.000000 1820.000000
16 PINHOLE 5464 3640 3994.553920 3994.553920 2732.000000 1820.000000
17 PINHOLE 5464 3640 3969.063547 3969.063547 2732.000000 1820.000000
18 PINHOLE 5464 3640 4013.237145 4013.237145 2732.000000 1820.000000
19 PINHOLE 5464 3640 4006.346753 4006.346753 2732.000000 1820.000000
20 PINHOLE 5464 3640 4024.709625 4024.709625 2732.000000 1820.000000
21 PINHOLE 5464 3640 3980.783127 3980.783127 2732.000000 1820.000000
22 PINHOLE 5464 3640 4068.587626 4068.587626 2732.000000 1820.000000
23 PINHOLE 5464 3640 3994.553920 3994.553920 2732.000000 1820.000000
24 PINHOLE 5464 3640 3998.113074 3998.113074 2732.000000 1820.000000
25 PINHOLE 5464 3640 3975.405593 3975.405593 2732.000000 1820.000000
26 PINHOLE 5464 3640 3995.050681 3995.050681 2732.000000 1820.000000
27 PINHOLE 5464 3640 3991.349733 3991.349733 2732.000000 1820.000000
28 PINHOLE 5464 3640 3995.947400 3995.947400 2732.000000 1820.000000
29 PINHOLE 5464 3640 3982.830309 3982.830309 2732.000000 1820.000000
30 PINHOLE 5464 3640 4005.750196 4005.750196 2732.000000 1820.000000
31 PINHOLE 5464 3640 3989.216462 3989.216462 2732.000000 1820.000000
32 PINHOLE 5464 3640 3991.752328 3991.752328 2732.000000 1820.000000
33 PINHOLE 5464 3640 3985.296965 3985.296965 2732.000000 1820.000000
34 PINHOLE 5464 3640 3979.644895 3979.644895 2732.000000 1820.000000
35 PINHOLE 5464 3640 3986.020828 3986.020828 2732.000000 1820.000000
36 PINHOLE 5464 3640 4017.128095 4017.128095 2732.000000 1820.000000
37 PINHOLE 5464 3640 4002.577425 4002.577425 2732.000000 1820.000000
38 PINHOLE 5464 3640 3993.640826 3993.640826 2732.000000 1820.000000
39 PINHOLE 5464 3640 3998.834182 3998.834182 2732.000000 1820.000000
40 PINHOLE 5464 3640 3999.228632 3999.228632 2732.000000 1820.000000
41 PINHOLE 5464 3640 4015.483092 4015.483092 2732.000000 1820.000000
42 PINHOLE 5464 3640 3987.298005 3987.298005 2732.000000 1820.000000
43 PINHOLE 5464 3640 3993.485286 3993.485286 2732.000000 1820.000000
44 PINHOLE 5464 3640 3991.349733 3991.349733 2732.000000 1820.000000
45 PINHOLE 5464 3640 3969.208670 3969.208670 2732.000000 1820.000000
46 PINHOLE 5464 3640 3996.977792 3996.977792 2732.000000 1820.000000
47 PINHOLE 5464 3640 4022.540555 4022.540555 2732.000000 1820.000000
48 PINHOLE 5464 3640 4019.291330 4019.291330 2732.000000 1820.000000
49 PINHOLE 5464 3640 4031.410810 4031.410810 2732.000000 1820.000000
50 PINHOLE 5464 3640 4023.624798 4023.624798 2732.000000 1820.000000
51 PINHOLE 5464 3640 4024.709625 4024.709625 2732.000000 1820.000000
52 PINHOLE 5464 3640 4012.808602 4012.808602 2732.000000 1820.000000
53 PINHOLE 5464 3640 4022.789897 4022.789897 2732.000000 1820.000000
54 PINHOLE 5464 3640 4038.865801 4038.865801 2732.000000 1820.000000
55 PINHOLE 5464 3640 4025.795038 4025.795038 2732.000000 1820.000000
56 PINHOLE 5464 3640 4021.872259 4021.872259 2732.000000 1820.000000
57 PINHOLE 5464 3640 3963.887525 3963.887525 2732.000000 1820.000000
58 PINHOLE 5464 3640 3955.868258 3955.868258 2732.000000 1820.000000
59 PINHOLE 5464 3640 4006.727872 4006.727872 2732.000000 1820.000000
60 PINHOLE 5464 3640 4005.271800 4005.271800 2732.000000 1820.000000
61 PINHOLE 5464 3640 4006.346753 4006.346753 2732.000000 1820.000000
62 PINHOLE 5464 3640 3983.149447 3983.149447 2732.000000 1820.000000
63 PINHOLE 5464 3640 4044.602676 4044.602676 2732.000000 1820.000000
64 PINHOLE 5464 3640 3990.282812 3990.282812 2732.000000 1820.000000
65 PINHOLE 5464 3640 3988.150681 3988.150681 2732.000000 1820.000000
66 PINHOLE 5464 3640 3990.920177 3990.920177 2732.000000 1820.000000
67 PINHOLE 5464 3640 3991.407639 3991.407639 2732.000000 1820.000000
68 PINHOLE 5464 3640 3990.659494 3990.659494 2732.000000 1820.000000
69 PINHOLE 5464 3640 3994.553920 3994.553920 2732.000000 1820.000000
70 PINHOLE 5464 3640 3985.266485 3985.266485 2732.000000 1820.000000
71 PINHOLE 5464 3640 3977.524114 3977.524114 2732.000000 1820.000000
72 PINHOLE 5464 3640 3988.430227 3988.430227 2732.000000 1820.000000
73 PINHOLE 5464 3640 3984.956754 3984.956754 2732.000000 1820.000000
74 PINHOLE 5464 3640 4017.128095 4017.128095 2732.000000 1820.000000
75 PINHOLE 5464 3640 3987.085470 3987.085470 2732.000000 1820.000000
76 PINHOLE 5464 3640 3983.454854 3983.454854 2732.000000 1820.000000
77 PINHOLE 5464 3640 4010.652337 4010.652337 2732.000000 1820.000000
78 PINHOLE 5464 3640 3988.150681 3988.150681 2732.000000 1820.000000
79 PINHOLE 5464 3640 4009.918520 4009.918520 2732.000000 1820.000000
80 PINHOLE 5464 3640 3981.338188 3981.338188 2732.000000 1820.000000
81 PINHOLE 5464 3640 4018.209421 4018.209421 2732.000000 1820.000000
82 PINHOLE 5464 3640 4020.373822 4020.373822 2732.000000 1820.000000
83 PINHOLE 5464 3640 3995.623126 3995.623126 2732.000000 1820.000000
84 PINHOLE 5464 3640 3999.987791 3999.987791 2732.000000 1820.000000
85 PINHOLE 5464 3640 3992.417224 3992.417224 2732.000000 1820.000000
86 PINHOLE 5464 3640 3985.243379 3985.243379 2732.000000 1820.000000
87 PINHOLE 5464 3640 3993.485286 3993.485286 2732.000000 1820.000000
88 PINHOLE 5464 3640 3999.916197 3999.916197 2732.000000 1820.000000
89 PINHOLE 5464 3640 3986.020828 3986.020828 2732.000000 1820.000000
90 PINHOLE 5464 3640 3987.085470 3987.085470 2732.000000 1820.000000
91 PINHOLE 5464 3640 3931.432183 3931.432183 2732.000000 1820.000000
92 PINHOLE 5464 3640 4000.091680 4000.091680 2732.000000 1820.000000
93 PINHOLE 5464 3640 4020.373822 4020.373822 2732.000000 1820.000000
94 PINHOLE 5464 3640 3981.767938 3981.767938 2732.000000 1820.000000
95 PINHOLE 5464 3640 3930.397051 3930.397051 2732.000000 1820.000000
96 PINHOLE 5464 3640 3970.119149 3970.119149 2732.000000 1820.000000
97 PINHOLE 5464 3640 3997.763257 3997.763257 2732.000000 1820.000000
98 PINHOLE 5464 3640 3992.787487 3992.787487 2732.000000 1820.000000
99 PINHOLE 5464 3640 3969.764634 3969.764634 2732.000000 1820.000000
100 PINHOLE 5464 3640 3992.417224 3992.417224 2732.000000 1820.000000
101 PINHOLE 5464 3640 3992.417224 3992.417224 2732.000000 1820.000000
102 PINHOLE 5464 3640 4006.346753 4006.346753 2732.000000 1820.000000
103 PINHOLE 5464 3640 4021.528399 4021.528399 2732.000000 1820.000000
104 PINHOLE 5464 3640 3987.085470 3987.085470 2732.000000 1820.000000
105 PINHOLE 5464 3640 4002.088920 4002.088920 2732.000000 1820.000000
106 PINHOLE 5464 3640 3996.692905 3996.692905 2732.000000 1820.000000
107 PINHOLE 5464 3640 3995.704950 3995.704950 2732.000000 1820.000000
108 PINHOLE 5464 3640 3981.767938 3981.767938 2732.000000 1820.000000
109 PINHOLE 5464 3640 4016.047350 4016.047350 2732.000000 1820.000000
110 PINHOLE 5464 3640 4020.373822 4020.373822 2732.000000 1820.000000
111 PINHOLE 5464 3640 3992.417224 3992.417224 2732.000000 1820.000000
112 PINHOLE 5464 3640 3989.216462 3989.216462 2732.000000 1820.000000
113 PINHOLE 5464 3640 3986.020828 3986.020828 2732.000000 1820.000000
114 PINHOLE 5464 3640 4019.291330 4019.291330 2732.000000 1820.000000
115 PINHOLE 5464 3640 3996.692905 3996.692905 2732.000000 1820.000000
116 PINHOLE 5464 3640 3989.216462 3989.216462 2732.000000 1820.000000
117 PINHOLE 5464 3640 3985.255814 3985.255814 2732.000000 1820.000000
118 PINHOLE 5464 3640 3981.767938 3981.767938 2732.000000 1820.000000
119 PINHOLE 5464 3640 3980.259015 3980.259015 2732.000000 1820.000000
120 PINHOLE 5464 3640 3971.175313 3971.175313 2732.000000 1820.000000
121 PINHOLE 5464 3640 3988.150681 3988.150681 2732.000000 1820.000000
122 PINHOLE 5464 3640 4009.149858 4009.149858 2732.000000 1820.000000
123 PINHOLE 5464 3640 3997.763257 3997.763257 2732.000000 1820.000000
124 PINHOLE 5464 3640 4005.271800 4005.271800 2732.000000 1820.000000
125 PINHOLE 5464 3640 4021.456897 4021.456897 2732.000000 1820.000000
126 PINHOLE 5464 3640 3983.893248 3983.893248 2732.000000 1820.000000
127 PINHOLE 5464 3640 3992.417224 3992.417224 2732.000000 1820.000000
128 PINHOLE 5464 3640 4022.553515 4022.553515 2732.000000 1820.000000
129 PINHOLE 5464 3640 4018.449632 4018.449632 2732.000000 1820.000000
130 PINHOLE 5464 3640 4029.054791 4029.054791 2732.000000 1820.000000
131 PINHOLE 5464 3640 4017.128095 4017.128095 2732.000000 1820.000000
132 PINHOLE 5464 3640 4004.197425 4004.197425 2732.000000 1820.000000
133 PINHOLE 5464 3640 4038.210188 4038.210188 2732.000000 1820.000000
134 PINHOLE 5464 3640 3972.232038 3972.232038 2732.000000 1820.000000
135 PINHOLE 5464 3640 3967.393827 3967.393827 2732.000000 1820.000000
136 PINHOLE 5464 3640 4021.485677 4021.485677 2732.000000 1820.000000
137 PINHOLE 5464 3640 3989.216462 3989.216462 2732.000000 1820.000000
138 PINHOLE 5464 3640 3985.179386 3985.179386 2732.000000 1820.000000
139 PINHOLE 5464 3640 3982.079175 3982.079175 2732.000000 1820.000000
140 PINHOLE 5464 3640 3979.644895 3979.644895 2732.000000 1820.000000
141 PINHOLE 5464 3640 4006.346753 4006.346753 2732.000000 1820.000000
142 PINHOLE 5464 3640 3978.750418 3978.750418 2732.000000 1820.000000
143 PINHOLE 5464 3640 4005.271800 4005.271800 2732.000000 1820.000000
144 PINHOLE 5464 3640 4004.197425 4004.197425 2732.000000 1820.000000
145 PINHOLE 5464 3640 4009.800500 4009.800500 2732.000000 1820.000000
146 PINHOLE 5464 3640 3984.956754 3984.956754 2732.000000 1820.000000
147 PINHOLE 5464 3640 4009.575074 4009.575074 2732.000000 1820.000000
148 PINHOLE 5464 3640 4009.575074 4009.575074 2732.000000 1820.000000
149 PINHOLE 5464 3640 3979.922811 3979.922811 2732.000000 1820.000000
150 PINHOLE 5464 3640 3982.118162 3982.118162 2732.000000 1820.000000
151 PINHOLE 5464 3640 4005.271800 4005.271800 2732.000000 1820.000000
152 PINHOLE 5464 3640 4003.123626 4003.123626 2732.000000 1820.000000
153 PINHOLE 5464 3640 4001.210083 4001.210083 2732.000000 1820.000000
154 PINHOLE 5464 3640 3994.553920 3994.553920 2732.000000 1820.000000
155 PINHOLE 5464 3640 3971.580405 3971.580405 2732.000000 1820.000000
156 PINHOLE 5464 3640 3961.690021 3961.690021 2732.000000 1820.000000
157 PINHOLE 5464 3640 3968.695373 3968.695373 2732.000000 1820.000000
158 PINHOLE 5464 3640 3979.227857 3979.227857 2732.000000 1820.000000
159 PINHOLE 5464 3640 3983.365738 3983.365738 2732.000000 1820.000000
160 PINHOLE 5464 3640 3997.901408 3997.901408 2732.000000 1820.000000
161 PINHOLE 5464 3640 3981.767938 3981.767938 2732.000000 1820.000000
162 PINHOLE 5464 3640 3997.763257 3997.763257 2732.000000 1820.000000
163 PINHOLE 5464 3640 3998.461684 3998.461684 2732.000000 1820.000000
164 PINHOLE 5464 3640 3997.852454 3997.852454 2732.000000 1820.000000
165 PINHOLE 5464 3640 3997.763257 3997.763257 2732.000000 1820.000000
166 PINHOLE 5464 3640 3998.834182 3998.834182 2732.000000 1820.000000
167 PINHOLE 5464 3640 3998.834182 3998.834182 2732.000000 1820.000000
168 PINHOLE 5464 3640 4000.247800 4000.247800 2732.000000 1820.000000
169 PINHOLE 5464 3640 4008.062925 4008.062925 2732.000000 1820.000000
170 PINHOLE 5464 3640 4010.652337 4010.652337 2732.000000 1820.000000
171 PINHOLE 5464 3640 4017.280655 4017.280655 2732.000000 1820.000000
172 PINHOLE 5464 3640 3982.068192 3982.068192 2732.000000 1820.000000
173 PINHOLE 5464 3640 4000.412455 4000.412455 2732.000000 1820.000000
174 PINHOLE 5464 3640 3996.788708 3996.788708 2732.000000 1820.000000
175 PINHOLE 5464 3640 3994.755931 3994.755931 2732.000000 1820.000000
176 PINHOLE 5464 3640 3988.150681 3988.150681 2732.000000 1820.000000
177 PINHOLE 5464 3640 4011.730180 4011.730180 2732.000000 1820.000000
178 PINHOLE 5464 3640 4003.123626 4003.123626 2732.000000 1820.000000
179 PINHOLE 5464 3640 3972.232038 3972.232038 2732.000000 1820.000000
180 PINHOLE 5464 3640 4002.050402 4002.050402 2732.000000 1820.000000
181 PINHOLE 5464 3640 4021.456897 4021.456897 2732.000000 1820.000000
182 PINHOLE 5464 3640 4005.271800 4005.271800 2732.000000 1820.000000
183 PINHOLE 5464 3640 3973.443208 3973.443208 2732.000000 1820.000000
184 PINHOLE 5464 3640 4002.050402 4002.050402 2732.000000 1820.000000
185 PINHOLE 5464 3640 3992.822453 3992.822453 2732.000000 1820.000000
186 PINHOLE 5464 3640 3988.420248 3988.420248 2732.000000 1820.000000
187 PINHOLE 5464 3640 4015.009787 4015.009787 2732.000000 1820.000000
188 PINHOLE 5464 3640 4004.197425 4004.197425 2732.000000 1820.000000
189 PINHOLE 5464 3640 3978.770597 3978.770597 2732.000000 1820.000000
190 PINHOLE 5464 3640 4008.498389 4008.498389 2732.000000 1820.000000
191 PINHOLE 5464 3640 1433.054208 1433.054208 2732.000000 1820.000000
192 PINHOLE 5464 3640 4004.596636 4004.596636 2732.000000 1820.000000
193 PINHOLE 5464 3640 3980.888133 3980.888133 2732.000000 1820.000000
194 PINHOLE 5464 3640 3970.210967 3970.210967 2732.000000 1820.000000
195 PINHOLE 5464 3640 3980.706133 3980.706133 2732.000000 1820.000000
196 PINHOLE 5464 3640 3981.767938 3981.767938 2732.000000 1820.000000
197 PINHOLE 5464 3640 3982.830309 3982.830309 2732.000000 1820.000000
198 PINHOLE 5464 3640 3960.785366 3960.785366 2732.000000 1820.000000
199 PINHOLE 5464 3640 3979.644895 3979.644895 2732.000000 1820.000000
200 PINHOLE 5464 3640 3992.597701 3992.597701 2732.000000 1820.000000
201 PINHOLE 5464 3640 3981.767938 3981.767938 2732.000000 1820.000000
202 PINHOLE 5464 3640 3997.763257 3997.763257 2732.000000 1820.000000
203 PINHOLE 5464 3640 3996.088304 3996.088304 2732.000000 1820.000000
204 PINHOLE 5464 3640 3996.692905 3996.692905 2732.000000 1820.000000
205 PINHOLE 5464 3640 3985.120020 3985.120020 2732.000000 1820.000000
206 PINHOLE 5464 3640 4002.158311 4002.158311 2732.000000 1820.000000
207 PINHOLE 5464 3640 3981.767938 3981.767938 2732.000000 1820.000000
208 PINHOLE 5464 3640 4002.401100 4002.401100 2732.000000 1820.000000
209 PINHOLE 5464 3640 3995.804375 3995.804375 2732.000000 1820.000000
210 PINHOLE 5464 3640 3984.956754 3984.956754 2732.000000 1820.000000
211 PINHOLE 5464 3640 4000.977754 4000.977754 2732.000000 1820.000000
212 PINHOLE 5464 3640 3980.706133 3980.706133 2732.000000 1820.000000
213 PINHOLE 5464 3640 4010.652337 4010.652337 2732.000000 1820.000000
214 PINHOLE 5464 3640 4007.810753 4007.810753 2732.000000 1820.000000
215 PINHOLE 5464 3640 4002.050402 4002.050402 2732.000000 1820.000000
216 PINHOLE 5464 3640 3963.811607 3963.811607 2732.000000 1820.000000
217 PINHOLE 5464 3640 4022.540555 4022.540555 2732.000000 1820.000000
218 PINHOLE 5464 3640 4024.709625 4024.709625 2732.000000 1820.000000
219 PINHOLE 5464 3640 4027.967620 4027.967620 2732.000000 1820.000000
220 PINHOLE 5464 3640 3985.423747 3985.423747 2732.000000 1820.000000
221 PINHOLE 5464 3640 3982.872793 3982.872793 2732.000000 1820.000000
222 PINHOLE 5464 3640 3981.264062 3981.264062 2732.000000 1820.000000
223 PINHOLE 5464 3640 3975.861975 3975.861975 2732.000000 1820.000000
224 PINHOLE 5464 3640 3975.752917 3975.752917 2732.000000 1820.000000
225 PINHOLE 5464 3640 4011.730180 4011.730180 2732.000000 1820.000000
226 PINHOLE 5464 3640 4013.887604 4013.887604 2732.000000 1820.000000
227 PINHOLE 5464 3640 3959.988995 3959.988995 2732.000000 1820.000000
228 PINHOLE 5464 3640 4022.540555 4022.540555 2732.000000 1820.000000
229 PINHOLE 5464 3640 4018.390580 4018.390580 2732.000000 1820.000000
230 PINHOLE 5464 3640 3982.830309 3982.830309 2732.000000 1820.000000
231 PINHOLE 5464 3640 3973.289327 3973.289327 2732.000000 1820.000000
232 PINHOLE 5464 3640 3990.425150 3990.425150 2732.000000 1820.000000
233 PINHOLE 5464 3640 3968.692778 3968.692778 2732.000000 1820.000000
234 PINHOLE 5464 3640 3973.289327 3973.289327 2732.000000 1820.000000
235 PINHOLE 5464 3640 3963.793946 3963.793946 2732.000000 1820.000000
236 PINHOLE 5464 3640 3965.900106 3965.900106 2732.000000 1820.000000
237 PINHOLE 5464 3640 3978.584222 3978.584222 2732.000000 1820.000000
238 PINHOLE 5464 3640 3966.954026 3966.954026 2732.000000 1820.000000
239 PINHOLE 5464 3640 3989.216462 3989.216462 2732.000000 1820.000000
240 PINHOLE 5464 3640 3975.405593 3975.405593 2732.000000 1820.000000
241 PINHOLE 5464 3640 3988.150681 3988.150681 2732.000000 1820.000000
242 PINHOLE 5464 3640 3990.392118 3990.392118 2732.000000 1820.000000
243 PINHOLE 5464 3640 3997.107279 3997.107279 2732.000000 1820.000000
244 PINHOLE 5464 3640 3983.893248 3983.893248 2732.000000 1820.000000
245 PINHOLE 5464 3640 4004.546468 4004.546468 2732.000000 1820.000000
246 PINHOLE 5464 3640 3977.051352 3977.051352 2732.000000 1820.000000
247 PINHOLE 5464 3640 3969.063547 3969.063547 2732.000000 1820.000000
248 PINHOLE 5464 3640 3975.535978 3975.535978 2732.000000 1820.000000
249 PINHOLE 5464 3640 3989.657251 3989.657251 2732.000000 1820.000000
250 PINHOLE 5464 3640 4004.197425 4004.197425 2732.000000 1820.000000
251 PINHOLE 5464 3640 3981.767938 3981.767938 2732.000000 1820.000000
252 PINHOLE 5464 3640 3996.692905 3996.692905 2732.000000 1820.000000
253 PINHOLE 5464 3640 4007.708642 4007.708642 2732.000000 1820.000000
254 PINHOLE 5464 3640 4002.050402 4002.050402 2732.000000 1820.000000
255 PINHOLE 5464 3640 4004.197425 4004.197425 2732.000000 1820.000000
256 PINHOLE 5464 3640 3997.763257 3997.763257 2732.000000 1820.000000
257 PINHOLE 5464 3640 3997.763257 3997.763257 2732.000000 1820.000000
258 PINHOLE 5464 3640 3966.392442 3966.392442 2732.000000 1820.000000
259 PINHOLE 5464 3640 4003.123626 4003.123626 2732.000000 1820.000000
260 PINHOLE 5464 3640 3971.175313 3971.175313 2732.000000 1820.000000
261 PINHOLE 5464 3640 3961.690021 3961.690021 2732.000000 1820.000000
262 PINHOLE 5464 3640 4005.271800 4005.271800 2732.000000 1820.000000
263 PINHOLE 5464 3640 3975.405593 3975.405593 2732.000000 1820.000000
264 PINHOLE 5464 3640 3999.905681 3999.905681 2732.000000 1820.000000
265 PINHOLE 5464 3640 3983.277174 3983.277174 2732.000000 1820.000000
266 PINHOLE 5464 3640 3979.653502 3979.653502 2732.000000 1820.000000
267 PINHOLE 5464 3640 3988.927679 3988.927679 2732.000000 1820.000000
268 PINHOLE 5464 3640 3983.893248 3983.893248 2732.000000 1820.000000
269 PINHOLE 5464 3640 3997.884858 3997.884858 2732.000000 1820.000000
270 PINHOLE 5464 3640 3993.485286 3993.485286 2732.000000 1820.000000
271 PINHOLE 5464 3640 4002.050402 4002.050402 2732.000000 1820.000000
272 PINHOLE 5464 3640 3958.538319 3958.538319 2732.000000 1820.000000
273 PINHOLE 5464 3640 4018.421168 4018.421168 2732.000000 1820.000000
274 PINHOLE 5464 3640 3965.900106 3965.900106 2732.000000 1820.000000
275 PINHOLE 5464 3640 4000.977754 4000.977754 2732.000000 1820.000000
276 PINHOLE 5464 3640 3963.260068 3963.260068 2732.000000 1820.000000
277 PINHOLE 5464 3640 4016.047350 4016.047350 2732.000000 1820.000000
278 PINHOLE 5464 3640 4010.713846 4010.713846 2732.000000 1820.000000
279 PINHOLE 5464 3640 4004.197425 4004.197425 2732.000000 1820.000000
280 PINHOLE 5464 3640 3995.623126 3995.623126 2732.000000 1820.000000
281 PINHOLE 5464 3640 3996.940125 3996.940125 2732.000000 1820.000000
282 PINHOLE 5464 3640 3998.055296 3998.055296 2732.000000 1820.000000
283 PINHOLE 5464 3640 3963.793946 3963.793946 2732.000000 1820.000000
284 PINHOLE 5464 3640 4007.422282 4007.422282 2732.000000 1820.000000
285 PINHOLE 5464 3640 3982.506019 3982.506019 2732.000000 1820.000000
286 PINHOLE 5464 3640 3994.553920 3994.553920 2732.000000 1820.000000
287 PINHOLE 5464 3640 1409.864753 1409.864753 2732.000000 1820.000000
288 PINHOLE 5464 3640 3981.767938 3981.767938 2732.000000 1820.000000
289 PINHOLE 5464 3640 3991.628154 3991.628154 2732.000000 1820.000000
290 PINHOLE 5464 3640 3969.358442 3969.358442 2732.000000 1820.000000
291 PINHOLE 5464 3640 3973.289327 3973.289327 2732.000000 1820.000000
292 PINHOLE 5464 3640 4012.230322 4012.230322 2732.000000 1820.000000
293 PINHOLE 5464 3640 4014.175436 4014.175436 2732.000000 1820.000000
294 PINHOLE 5464 3640 3963.793946 3963.793946 2732.000000 1820.000000
295 PINHOLE 5464 3640 4009.575074 4009.575074 2732.000000 1820.000000
296 PINHOLE 5464 3640 4008.582814 4008.582814 2732.000000 1820.000000
297 PINHOLE 5464 3640 4009.729519 4009.729519 2732.000000 1820.000000
298 PINHOLE 5464 3640 3993.485286 3993.485286 2732.000000 1820.000000
299 PINHOLE 5464 3640 3996.794501 3996.794501 2732.000000 1820.000000
300 PINHOLE 5464 3640 1439.330836 1439.330836 2732.000000 1820.000000
301 PINHOLE 5464 3640 3999.905681 3999.905681 2732.000000 1820.000000
302 PINHOLE 5464 3640 4010.206160 4010.206160 2732.000000 1820.000000
303 PINHOLE 5464 3640 4006.346753 4006.346753 2732.000000 1820.000000
304 PINHOLE 5464 3640 4007.475431 4007.475431 2732.000000 1820.000000
305 PINHOLE 5464 3640 3955.391627 3955.391627 2732.000000 1820.000000
306 PINHOLE 5464 3640 4010.652337 4010.652337 2732.000000 1820.000000
307 PINHOLE 5464 3640 4006.919149 4006.919149 2732.000000 1820.000000
308 PINHOLE 5464 3640 4007.975436 4007.975436 2732.000000 1820.000000
309 PINHOLE 5464 3640 4006.346753 4006.346753 2732.000000 1820.000000
310 PINHOLE 5464 3640 3974.664266 3974.664266 2732.000000 1820.000000
311 PINHOLE 5464 3640 4029.054791 4029.054791 2732.000000 1820.000000
312 PINHOLE 5464 3640 3977.670958 3977.670958 2732.000000 1820.000000
313 PINHOLE 5464 3640 3969.453595 3969.453595 2732.000000 1820.000000
314 PINHOLE 5464 3640 3974.533459 3974.533459 2732.000000 1820.000000
315 PINHOLE 5464 3640 3995.623126 3995.623126 2732.000000 1820.000000
316 PINHOLE 5464 3640 3969.063547 3969.063547 2732.000000 1820.000000
317 PINHOLE 5464 3640 3997.763257 3997.763257 2732.000000 1820.000000
318 PINHOLE 5464 3640 3992.417224 3992.417224 2732.000000 1820.000000
319 PINHOLE 5464 3640 3996.970327 3996.970327 2732.000000 1820.000000
320 PINHOLE 5464 3640 3982.830309 3982.830309 2732.000000 1820.000000
321 PINHOLE 5464 3640 3975.432268 3975.432268 2732.000000 1820.000000
322 PINHOLE 5464 3640 4026.639390 4026.639390 2732.000000 1820.000000
323 PINHOLE 5464 3640 3980.706133 3980.706133 2732.000000 1820.000000
324 PINHOLE 5464 3640 4002.342115 4002.342115 2732.000000 1820.000000
325 PINHOLE 5464 3640 4005.271800 4005.271800 2732.000000 1820.000000
326 PINHOLE 5464 3640 4011.730180 4011.730180 2732.000000 1820.000000
327 PINHOLE 5464 3640 3964.846746 3964.846746 2732.000000 1820.000000
328 PINHOLE 5464 3640 4014.276187 4014.276187 2732.000000 1820.000000
329 PINHOLE 5464 3640 4027.319795 4027.319795 2732.000000 1820.000000
330 PINHOLE 5464 3640 4015.212375 4015.212375 2732.000000 1820.000000
331 PINHOLE 5464 3640 4017.128095 4017.128095 2732.000000 1820.000000
332 PINHOLE 5464 3640 4021.549952 4021.549952 2732.000000 1820.000000
333 PINHOLE 5464 3640 4008.498389 4008.498389 2732.000000 1820.000000
334 PINHOLE 5464 3640 4002.050402 4002.050402 2732.000000 1820.000000
335 PINHOLE 5464 3640 3996.836477 3996.836477 2732.000000 1820.000000
336 PINHOLE 5464 3640 3990.282812 3990.282812 2732.000000 1820.000000
337 PINHOLE 5464 3640 4003.123626 4003.123626 2732.000000 1820.000000
338 PINHOLE 5464 3640 3972.232038 3972.232038 2732.000000 1820.000000
339 PINHOLE 5464 3640 3989.216462 3989.216462 2732.000000 1820.000000
340 PINHOLE 5464 3640 4002.201326 4002.201326 2732.000000 1820.000000
341 PINHOLE 5464 3640 4007.422282 4007.422282 2732.000000 1820.000000
342 PINHOLE 5464 3640 4007.422282 4007.422282 2732.000000 1820.000000
343 PINHOLE 5464 3640 4033.409349 4033.409349 2732.000000 1820.000000
344 PINHOLE 5464 3640 3981.857264 3981.857264 2732.000000 1820.000000
345 PINHOLE 5464 3640 3989.480248 3989.480248 2732.000000 1820.000000
346 PINHOLE 5464 3640 3995.623126 3995.623126 2732.000000 1820.000000
347 PINHOLE 5464 3640 3993.485286 3993.485286 2732.000000 1820.000000
348 PINHOLE 5464 3640 4016.360021 4016.360021 2732.000000 1820.000000
349 PINHOLE 5464 3640 4012.992134 4012.992134 2732.000000 1820.000000
350 PINHOLE 5464 3640 4010.652337 4010.652337 2732.000000 1820.000000
351 PINHOLE 5464 3640 4015.172831 4015.172831 2732.000000 1820.000000
352 PINHOLE 5464 3640 4011.730180 4011.730180 2732.000000 1820.000000
353 PINHOLE 5464 3640 4011.939486 4011.939486 2732.000000 1820.000000
354 PINHOLE 5464 3640 3984.956754 3984.956754 2732.000000 1820.000000
355 PINHOLE 5464 3640 3996.692905 3996.692905 2732.000000 1820.000000
356 PINHOLE 5464 3640 4008.498389 4008.498389 2732.000000 1820.000000
357 PINHOLE 5464 3640 3992.910573 3992.910573 2732.000000 1820.000000
358 PINHOLE 5464 3640 3981.187707 3981.187707 2732.000000 1820.000000
359 PINHOLE 5464 3640 3999.955193 3999.955193 2732.000000 1820.000000
360 PINHOLE 5464 3640 3974.347178 3974.347178 2732.000000 1820.000000
361 PINHOLE 5464 3640 4012.808602 4012.808602 2732.000000 1820.000000
362 PINHOLE 5464 3640 3979.644895 3979.644895 2732.000000 1820.000000
363 PINHOLE 5464 3640 3999.687306 3999.687306 2732.000000 1820.000000
364 PINHOLE 5464 3640 3995.687611 3995.687611 2732.000000 1820.000000
365 PINHOLE 5464 3640 4023.817718 4023.817718 2732.000000 1820.000000
366 PINHOLE 5464 3640 3979.644895 3979.644895 2732.000000 1820.000000
367 PINHOLE 5464 3640 3992.417224 3992.417224 2732.000000 1820.000000
368 PINHOLE 5464 3640 3968.008506 3968.008506 2732.000000 1820.000000
369 PINHOLE 5464 3640 3997.457550 3997.457550 2732.000000 1820.000000
370 PINHOLE 5464 3640 3986.020828 3986.020828 2732.000000 1820.000000
371 PINHOLE 5464 3640 3971.343032 3971.343032 2732.000000 1820.000000
372 PINHOLE 5464 3640 3960.638896 3960.638896 2732.000000 1820.000000
373 PINHOLE 5464 3640 4019.392844 4019.392844 2732.000000 1820.000000
374 PINHOLE 5464 3640 3982.830309 3982.830309 2732.000000 1820.000000
375 PINHOLE 5464 3640 4012.853037 4012.853037 2732.000000 1820.000000
376 PINHOLE 5464 3640 3987.085470 3987.085470 2732.000000 1820.000000
377 PINHOLE 5464 3640 3998.834182 3998.834182 2732.000000 1820.000000
378 PINHOLE 5464 3640 4026.881036 4026.881036 2732.000000 1820.000000
379 PINHOLE 5464 3640 4019.835586 4019.835586 2732.000000 1820.000000
380 PINHOLE 5464 3640 3994.553920 3994.553920 2732.000000 1820.000000
381 PINHOLE 5464 3640 3983.383209 3983.383209 2732.000000 1820.000000
382 PINHOLE 5464 3640 4021.986606 4021.986606 2732.000000 1820.000000
383 PINHOLE 5464 3640 3976.730839 3976.730839 2732.000000 1820.000000
384 PINHOLE 5464 3640 3984.956754 3984.956754 2732.000000 1820.000000
385 PINHOLE 5464 3640 4013.887604 4013.887604 2732.000000 1820.000000
386 PINHOLE 5464 3640 3991.501989 3991.501989 2732.000000 1820.000000
387 PINHOLE 5464 3640 3998.270312 3998.270312 2732.000000 1820.000000
388 PINHOLE 5464 3640 3997.200025 3997.200025 2732.000000 1820.000000
389 PINHOLE 5464 3640 3998.834182 3998.834182 2732.000000 1820.000000
390 PINHOLE 5464 3640 3993.918815 3993.918815 2732.000000 1820.000000
391 PINHOLE 5464 3640 3984.956754 3984.956754 2732.000000 1820.000000
392 PINHOLE 5464 3640 3995.887330 3995.887330 2732.000000 1820.000000
393 PINHOLE 5464 3640 4043.547004 4043.547004 2732.000000 1820.000000
394 PINHOLE 5464 3640 3973.289327 3973.289327 2732.000000 1820.000000
395 PINHOLE 5464 3640 3990.874833 3990.874833 2732.000000 1820.000000
396 PINHOLE 5464 3640 3992.618493 3992.618493 2732.000000 1820.000000
397 PINHOLE 5464 3640 3994.893690 3994.893690 2732.000000 1820.000000
398 PINHOLE 5464 3640 3994.692242 3994.692242 2732.000000 1820.000000
399 PINHOLE 5464 3640 4000.977754 4000.977754 2732.000000 1820.000000
400 PINHOLE 5464 3640 4004.369170 4004.369170 2732.000000 1820.000000
401 PINHOLE 5464 3640 4015.394247 4015.394247 2732.000000 1820.000000
402 PINHOLE 5464 3640 3998.834182 3998.834182 2732.000000 1820.000000
403 PINHOLE 5464 3640 3989.216462 3989.216462 2732.000000 1820.000000
404 PINHOLE 5464 3640 3988.150681 3988.150681 2732.000000 1820.000000
405 PINHOLE 5464 3640 3968.008506 3968.008506 2732.000000 1820.000000
406 PINHOLE 5464 3640 3992.417224 3992.417224 2732.000000 1820.000000
407 PINHOLE 5464 3640 4004.398808 4004.398808 2732.000000 1820.000000
408 PINHOLE 5464 3640 4021.456897 4021.456897 2732.000000 1820.000000
409 PINHOLE 5464 3640 4028.333480 4028.333480 2732.000000 1820.000000
410 PINHOLE 5464 3640 4003.375446 4003.375446 2732.000000 1820.000000
411 PINHOLE 5464 3640 3991.349733 3991.349733 2732.000000 1820.000000
412 PINHOLE 5464 3640 3982.161791 3982.161791 2732.000000 1820.000000
413 PINHOLE 5464 3640 4006.596112 4006.596112 2732.000000 1820.000000
414 PINHOLE 5464 3640 4031.230894 4031.230894 2732.000000 1820.000000
415 PINHOLE 5464 3640 4011.970624 4011.970624 2732.000000 1820.000000
416 PINHOLE 5464 3640 3998.834182 3998.834182 2732.000000 1820.000000
417 PINHOLE 5464 3640 4014.967187 4014.967187 2732.000000 1820.000000
418 PINHOLE 5464 3640 4014.000631 4014.000631 2732.000000 1820.000000
419 PINHOLE 5464 3640 4014.235680 4014.235680 2732.000000 1820.000000
420 PINHOLE 5464 3640 4010.652337 4010.652337 2732.000000 1820.000000
421 PINHOLE 5464 3640 4011.730180 4011.730180 2732.000000 1820.000000
422 PINHOLE 5464 3640 4013.176405 4013.176405 2732.000000 1820.000000
423 PINHOLE 5464 3640 4007.422282 4007.422282 2732.000000 1820.000000
424 PINHOLE 5464 3640 3986.141926 3986.141926 2732.000000 1820.000000
425 PINHOLE 5464 3640 4030.795011 4030.795011 2732.000000 1820.000000
426 PINHOLE 5464 3640 4031.230894 4031.230894 2732.000000 1820.000000
427 PINHOLE 5464 3640 3999.905681 3999.905681 2732.000000 1820.000000
428 PINHOLE 5464 3640 4014.967187 4014.967187 2732.000000 1820.000000
429 PINHOLE 5464 3640 4019.291330 4019.291330 2732.000000 1820.000000
430 PINHOLE 5464 3640 4028.162778 4028.162778 2732.000000 1820.000000
431 PINHOLE 5464 3640 4021.456897 4021.456897 2732.000000 1820.000000
432 PINHOLE 5464 3640 4046.529683 4046.529683 2732.000000 1820.000000
433 PINHOLE 5464 3640 4017.128095 4017.128095 2732.000000 1820.000000
434 PINHOLE 5464 3640 4017.516534 4017.516534 2732.000000 1820.000000
435 PINHOLE 5464 3640 4024.890487 4024.890487 2732.000000 1820.000000
436 PINHOLE 5464 3640 4026.069061 4026.069061 2732.000000 1820.000000
437 PINHOLE 5464 3640 4023.624798 4023.624798 2732.000000 1820.000000
438 PINHOLE 5464 3640 3990.282812 3990.282812 2732.000000 1820.000000
439 PINHOLE 5464 3640 4026.321046 4026.321046 2732.000000 1820.000000
440 PINHOLE 5464 3640 4016.208150 4016.208150 2732.000000 1820.000000
441 PINHOLE 5464 3640 4030.142549 4030.142549 2732.000000 1820.000000
442 PINHOLE 5464 3640 3950.158243 3950.158243 2732.000000 1820.000000
443 PINHOLE 5464 3640 4047.626898 4047.626898 2732.000000 1820.000000
444 PINHOLE 5464 3640 4046.776928 4046.776928 2732.000000 1820.000000
445 PINHOLE 5464 3640 4045.107789 4045.107789 2732.000000 1820.000000
446 PINHOLE 5464 3640 4024.149755 4024.149755 2732.000000 1820.000000
447 PINHOLE 5464 3640 4023.624798 4023.624798 2732.000000 1820.000000
448 PINHOLE 5464 3640 4008.741235 4008.741235 2732.000000 1820.000000
449 PINHOLE 5464 3640 3994.028234 3994.028234 2732.000000 1820.000000
450 PINHOLE 5464 3640 3975.405593 3975.405593 2732.000000 1820.000000
451 PINHOLE 5464 3640 3993.485286 3993.485286 2732.000000 1820.000000
452 PINHOLE 5464 3640 4029.054791 4029.054791 2732.000000 1820.000000
453 PINHOLE 5464 3640 3989.771552 3989.771552 2732.000000 1820.000000
454 PINHOLE 5464 3640 3977.524114 3977.524114 2732.000000 1820.000000
455 PINHOLE 5464 3640 4007.916764 4007.916764 2732.000000 1820.000000
456 PINHOLE 5464 3640 4042.178861 4042.178861 2732.000000 1820.000000
457 PINHOLE 5464 3640 4043.241603 4043.241603 2732.000000 1820.000000
458 PINHOLE 5464 3640 4041.470888 4041.470888 2732.000000 1820.000000
459 PINHOLE 5464 3640 4041.052518 4041.052518 2732.000000 1820.000000
460 PINHOLE 5464 3640 3990.282812 3990.282812 2732.000000 1820.000000
461 PINHOLE 5464 3640 4000.977754 4000.977754 2732.000000 1820.000000
462 PINHOLE 5464 3640 4042.346322 4042.346322 2732.000000 1820.000000
463 PINHOLE 5464 3640 4040.542131 4040.542131 2732.000000 1820.000000
464 PINHOLE 5464 3640 4035.943971 4035.943971 2732.000000 1820.000000
465 PINHOLE 5464 3640 4039.958863 4039.958863 2732.000000 1820.000000
466 PINHOLE 5464 3640 4039.176391 4039.176391 2732.000000 1820.000000
467 PINHOLE 5464 3640 4005.396433 4005.396433 2732.000000 1820.000000
468 PINHOLE 5464 3640 4038.960258 4038.960258 2732.000000 1820.000000
469 PINHOLE 5464 3640 4002.050402 4002.050402 2732.000000 1820.000000
470 PINHOLE 5464 3640 3999.007491 3999.007491 2732.000000 1820.000000
471 PINHOLE 5464 3640 3989.432525 3989.432525 2732.000000 1820.000000
472 PINHOLE 5464 3640 4023.981139 4023.981139 2732.000000 1820.000000
473 PINHOLE 5464 3640 4037.988867 4037.988867 2732.000000 1820.000000
474 PINHOLE 5464 3640 3992.417224 3992.417224 2732.000000 1820.000000
475 PINHOLE 5464 3640 4007.422282 4007.422282 2732.000000 1820.000000
476 PINHOLE 5464 3640 4014.967187 4014.967187 2732.000000 1820.000000
477 PINHOLE 5464 3640 3996.796011 3996.796011 2732.000000 1820.000000
478 PINHOLE 5464 3640 3982.830309 3982.830309 2732.000000 1820.000000
479 PINHOLE 5464 3640 4013.386139 4013.386139 2732.000000 1820.000000
480 PINHOLE 5464 3640 4001.442536 4001.442536 2732.000000 1820.000000
481 PINHOLE 5464 3640 4003.296630 4003.296630 2732.000000 1820.000000
482 PINHOLE 5464 3640 3961.906079 3961.906079 2732.000000 1820.000000
483 PINHOLE 5464 3640 3990.282812 3990.282812 2732.000000 1820.000000
484 PINHOLE 5464 3640 4018.209421 4018.209421 2732.000000 1820.000000
485 PINHOLE 5464 3640 4047.656996 4047.656996 2732.000000 1820.000000
486 PINHOLE 5464 3640 3989.811416 3989.811416 2732.000000 1820.000000
487 PINHOLE 5464 3640 4048.724708 4048.724708 2732.000000 1820.000000
488 PINHOLE 5464 3640 3948.068765 3948.068765 2732.000000 1820.000000
489 PINHOLE 5464 3640 4016.047350 4016.047350 2732.000000 1820.000000
490 PINHOLE 5464 3640 4030.702423 4030.702423 2732.000000 1820.000000
491 PINHOLE 5464 3640 4030.142549 4030.142549 2732.000000 1820.000000
492 PINHOLE 5464 3640 3997.763257 3997.763257 2732.000000 1820.000000
493 PINHOLE 5464 3640 4019.291330 4019.291330 2732.000000 1820.000000
494 PINHOLE 5464 3640 3987.085470 3987.085470 2732.000000 1820.000000
495 PINHOLE 5464 3640 3996.035025 3996.035025 2732.000000 1820.000000
496 PINHOLE 5464 3640 3944.623616 3944.623616 2732.000000 1820.000000
497 PINHOLE 5464 3640 3967.356850 3967.356850 2732.000000 1820.000000
498 PINHOLE 5464 3640 3995.183614 3995.183614 2732.000000 1820.000000
499 PINHOLE 5464 3640 4044.493405 4044.493405 2732.000000 1820.000000
500 PINHOLE 5464 3640 4011.730180 4011.730180 2732.000000 1820.000000
501 PINHOLE 5464 3640 4010.652337 4010.652337 2732.000000 1820.000000
502 PINHOLE 5464 3640 4035.590160 4035.590160 2732.000000 1820.000000
503 PINHOLE 5464 3640 3972.427589 3972.427589 2732.000000 1820.000000
504 PINHOLE 5464 3640 3981.837438 3981.837438 2732.000000 1820.000000
505 PINHOLE 5464 3640 3987.194770 3987.194770 2732.000000 1820.000000
506 PINHOLE 5464 3640 4016.504607 4016.504607 2732.000000 1820.000000
507 PINHOLE 5464 3640 4021.456897 4021.456897 2732.000000 1820.000000
508 PINHOLE 5464 3640 4008.709949 4008.709949 2732.000000 1820.000000
509 PINHOLE 5464 3640 3988.472240 3988.472240 2732.000000 1820.000000
510 PINHOLE 5464 3640 4014.063161 4014.063161 2732.000000 1820.000000
511 PINHOLE 5464 3640 4008.498389 4008.498389 2732.000000 1820.000000
512 PINHOLE 5464 3640 4028.018941 4028.018941 2732.000000 1820.000000
513 PINHOLE 5464 3640 4006.438153 4006.438153 2732.000000 1820.000000
514 PINHOLE 5464 3640 3991.811836 3991.811836 2732.000000 1820.000000
515 PINHOLE 5464 3640 4012.808602 4012.808602 2732.000000 1820.000000
516 PINHOLE 5464 3640 3987.257558 3987.257558 2732.000000 1820.000000
517 PINHOLE 5464 3640 4003.123626 4003.123626 2732.000000 1820.000000
518 PINHOLE 5464 3640 4010.652337 4010.652337 2732.000000 1820.000000
519 PINHOLE 5464 3640 4010.652337 4010.652337 2732.000000 1820.000000
520 PINHOLE 5464 3640 4012.808602 4012.808602 2732.000000 1820.000000
521 PINHOLE 5464 3640 3988.150681 3988.150681 2732.000000 1820.000000
522 PINHOLE 5464 3640 4022.624436 4022.624436 2732.000000 1820.000000
523 PINHOLE 5464 3640 4023.981139 4023.981139 2732.000000 1820.000000
524 PINHOLE 5464 3640 4009.679356 4009.679356 2732.000000 1820.000000
525 PINHOLE 5464 3640 3962.741704 3962.741704 2732.000000 1820.000000
526 PINHOLE 5464 3640 3966.141977 3966.141977 2732.000000 1820.000000
527 PINHOLE 5464 3640 3995.623126 3995.623126 2732.000000 1820.000000
528 PINHOLE 5464 3640 4010.652337 4010.652337 2732.000000 1820.000000
529 PINHOLE 5464 3640 4006.452474 4006.452474 2732.000000 1820.000000
530 PINHOLE 5464 3640 4013.998206 4013.998206 2732.000000 1820.000000
531 PINHOLE 5464 3640 4011.730180 4011.730180 2732.000000 1820.000000
532 PINHOLE 5464 3640 4009.575074 4009.575074 2732.000000 1820.000000
533 PINHOLE 5464 3640 4005.271800 4005.271800 2732.000000 1820.000000
534 PINHOLE 5464 3640 4013.971079 4013.971079 2732.000000 1820.000000
535 PINHOLE 5464 3640 4015.089617 4015.089617 2732.000000 1820.000000
536 PINHOLE 5464 3640 4012.973034 4012.973034 2732.000000 1820.000000
537 PINHOLE 5464 3640 4012.808602 4012.808602 2732.000000 1820.000000
538 PINHOLE 5464 3640 3978.799769 3978.799769 2732.000000 1820.000000
539 PINHOLE 5464 3640 4012.808602 4012.808602 2732.000000 1820.000000
540 PINHOLE 5464 3640 4006.655445 4006.655445 2732.000000 1820.000000
541 PINHOLE 5464 3640 4026.881036 4026.881036 2732.000000 1820.000000
542 PINHOLE 5464 3640 3977.524114 3977.524114 2732.000000 1820.000000
543 PINHOLE 5464 3640 3995.623126 3995.623126 2732.000000 1820.000000
544 PINHOLE 5464 3640 4012.032780 4012.032780 2732.000000 1820.000000
545 PINHOLE 5464 3640 4017.128095 4017.128095 2732.000000 1820.000000
546 PINHOLE 5464 3640 4020.373822 4020.373822 2732.000000 1820.000000
547 PINHOLE 5464 3640 4027.967620 4027.967620 2732.000000 1820.000000
548 PINHOLE 5464 3640 4022.540555 4022.540555 2732.000000 1820.000000
549 PINHOLE 5464 3640 3996.088304 3996.088304 2732.000000 1820.000000
550 PINHOLE 5464 3640 4022.007016 4022.007016 2732.000000 1820.000000
551 PINHOLE 5464 3640 4024.015527 4024.015527 2732.000000 1820.000000
552 PINHOLE 5464 3640 4017.210779 4017.210779 2732.000000 1820.000000
553 PINHOLE 5464 3640 4023.624798 4023.624798 2732.000000 1820.000000
554 PINHOLE 5464 3640 4024.950352 4024.950352 2732.000000 1820.000000
555 PINHOLE 5464 3640 4026.881036 4026.881036 2732.000000 1820.000000
556 PINHOLE 5464 3640 4045.433062 4045.433062 2732.000000 1820.000000
557 PINHOLE 5464 3640 4007.422282 4007.422282 2732.000000 1820.000000
558 PINHOLE 5464 3640 4007.654266 4007.654266 2732.000000 1820.000000
559 PINHOLE 5464 3640 4017.563604 4017.563604 2732.000000 1820.000000
560 PINHOLE 5464 3640 3974.347178 3974.347178 2732.000000 1820.000000
561 PINHOLE 5464 3640 4018.211768 4018.211768 2732.000000 1820.000000
562 PINHOLE 5464 3640 4020.751436 4020.751436 2732.000000 1820.000000
563 PINHOLE 5464 3640 3993.485286 3993.485286 2732.000000 1820.000000
564 PINHOLE 5464 3640 3948.068765 3948.068765 2732.000000 1820.000000
565 PINHOLE 5464 3640 3965.900106 3965.900106 2732.000000 1820.000000
566 PINHOLE 5464 3640 4009.575074 4009.575074 2732.000000 1820.000000
567 PINHOLE 5464 3640 4012.808602 4012.808602 2732.000000 1820.000000
568 PINHOLE 5464 3640 4014.322468 4014.322468 2732.000000 1820.000000
569 PINHOLE 5464 3640 4017.412798 4017.412798 2732.000000 1820.000000
570 PINHOLE 5464 3640 4016.086858 4016.086858 2732.000000 1820.000000
571 PINHOLE 5464 3640 3963.793946 3963.793946 2732.000000 1820.000000
572 PINHOLE 5464 3640 4023.846300 4023.846300 2732.000000 1820.000000
573 PINHOLE 5464 3640 4016.047350 4016.047350 2732.000000 1820.000000
574 PINHOLE 5464 3640 4016.047350 4016.047350 2732.000000 1820.000000
575 PINHOLE 5464 3640 4021.695673 4021.695673 2732.000000 1820.000000
576 PINHOLE 5464 3640 4058.235580 4058.235580 2732.000000 1820.000000
577 PINHOLE 5464 3640 4019.896352 4019.896352 2732.000000 1820.000000
578 PINHOLE 5464 3640 4013.887604 4013.887604 2732.000000 1820.000000
579 PINHOLE 5464 3640 4028.047825 4028.047825 2732.000000 1820.000000
580 PINHOLE 5464 3640 3979.644895 3979.644895 2732.000000 1820.000000
581 PINHOLE 5464 3640 4010.442322 4010.442322 2732.000000 1820.000000
582 PINHOLE 5464 3640 3969.063547 3969.063547 2732.000000 1820.000000
583 PINHOLE 5464 3640 4012.808602 4012.808602 2732.000000 1820.000000
584 PINHOLE 5464 3640 4012.808602 4012.808602 2732.000000 1820.000000
585 PINHOLE 5464 3640 4008.506265 4008.506265 2732.000000 1820.000000
586 PINHOLE 5464 3640 4012.808602 4012.808602 2732.000000 1820.000000
587 PINHOLE 5464 3640 4001.293384 4001.293384 2732.000000 1820.000000
588 PINHOLE 5464 3640 4003.123626 4003.123626 2732.000000 1820.000000
589 PINHOLE 5464 3640 4001.031503 4001.031503 2732.000000 1820.000000
590 PINHOLE 5464 3640 4009.828204 4009.828204 2732.000000 1820.000000
591 PINHOLE 5464 3640 4009.592581 4009.592581 2732.000000 1820.000000
592 PINHOLE 5464 3640 3957.488865 3957.488865 2732.000000 1820.000000
593 PINHOLE 5464 3640 3978.584222 3978.584222 2732.000000 1820.000000
594 PINHOLE 5464 3640 3968.008506 3968.008506 2732.000000 1820.000000
595 PINHOLE 5464 3640 3986.478849 3986.478849 2732.000000 1820.000000
596 PINHOLE 5464 3640 3998.901133 3998.901133 2732.000000 1820.000000
597 PINHOLE 5464 3640 3984.956754 3984.956754 2732.000000 1820.000000
598 PINHOLE 5464 3640 4009.885561 4009.885561 2732.000000 1820.000000
599 PINHOLE 5464 3640 3999.013838 3999.013838 2732.000000 1820.000000
600 PINHOLE 5464 3640 3974.347178 3974.347178 2732.000000 1820.000000
601 PINHOLE 5464 3640 4021.456897 4021.456897 2732.000000 1820.000000
602 PINHOLE 5464 3640 4025.007952 4025.007952 2732.000000 1820.000000
603 PINHOLE 5464 3640 3971.780112 3971.780112 2732.000000 1820.000000
604 PINHOLE 5464 3640 3972.266469 3972.266469 2732.000000 1820.000000
605 PINHOLE 5464 3640 3978.584222 3978.584222 2732.000000 1820.000000
606 PINHOLE 5464 3640 3981.767938 3981.767938 2732.000000 1820.000000
607 PINHOLE 5464 3640 3977.524114 3977.524114 2732.000000 1820.000000
608 PINHOLE 5464 3640 3975.493316 3975.493316 2732.000000 1820.000000
609 PINHOLE 5464 3640 4017.947121 4017.947121 2732.000000 1820.000000
610 PINHOLE 5464 3640 4011.730180 4011.730180 2732.000000 1820.000000
611 PINHOLE 5464 3640 3984.204523 3984.204523 2732.000000 1820.000000
612 PINHOLE 5464 3640 3971.175313 3971.175313 2732.000000 1820.000000
613 PINHOLE 5464 3640 3976.647449 3976.647449 2732.000000 1820.000000
614 PINHOLE 5464 3640 3981.767938 3981.767938 2732.000000 1820.000000
615 PINHOLE 5464 3640 4025.795038 4025.795038 2732.000000 1820.000000
616 PINHOLE 5464 3640 3984.161021 3984.161021 2732.000000 1820.000000
617 PINHOLE 5464 3640 3973.601684 3973.601684 2732.000000 1820.000000
618 PINHOLE 5464 3640 3980.706133 3980.706133 2732.000000 1820.000000
619 PINHOLE 5464 3640 3979.739026 3979.739026 2732.000000 1820.000000
620 PINHOLE 5464 3640 3972.232038 3972.232038 2732.000000 1820.000000
621 PINHOLE 5464 3640 3987.228742 3987.228742 2732.000000 1820.000000
622 PINHOLE 5464 3640 3956.439968 3956.439968 2732.000000 1820.000000
623 PINHOLE 5464 3640 3991.349733 3991.349733 2732.000000 1820.000000
624 PINHOLE 5464 3640 4019.568355 4019.568355 2732.000000 1820.000000
625 PINHOLE 5464 3640 4018.211768 4018.211768 2732.000000 1820.000000
626 PINHOLE 5464 3640 4037.773330 4037.773330 2732.000000 1820.000000
627 PINHOLE 5464 3640 3981.043144 3981.043144 2732.000000 1820.000000
628 PINHOLE 5464 3640 4042.146764 4042.146764 2732.000000 1820.000000
629 PINHOLE 5464 3640 4010.682278 4010.682278 2732.000000 1820.000000
630 PINHOLE 5464 3640 3974.347178 3974.347178 2732.000000 1820.000000
631 PINHOLE 5464 3640 3962.741704 3962.741704 2732.000000 1820.000000
632 PINHOLE 5464 3640 3982.419002 3982.419002 2732.000000 1820.000000
633 PINHOLE 5464 3640 3994.553920 3994.553920 2732.000000 1820.000000
634 PINHOLE 5464 3640 3995.867015 3995.867015 2732.000000 1820.000000
635 PINHOLE 5464 3640 3991.349733 3991.349733 2732.000000 1820.000000
636 PINHOLE 5464 3640 4004.423225 4004.423225 2732.000000 1820.000000
637 PINHOLE 5464 3640 3998.834182 3998.834182 2732.000000 1820.000000
638 PINHOLE 5464 3640 3979.899309 3979.899309 2732.000000 1820.000000
639 PINHOLE 5464 3640 3998.855618 3998.855618 2732.000000 1820.000000
640 PINHOLE 5464 3640 3998.863510 3998.863510 2732.000000 1820.000000
641 PINHOLE 5464 3640 4000.311952 4000.311952 2732.000000 1820.000000
642 PINHOLE 5464 3640 4000.977754 4000.977754 2732.000000 1820.000000
643 PINHOLE 5464 3640 4014.267245 4014.267245 2732.000000 1820.000000
644 PINHOLE 5464 3640 4006.346753 4006.346753 2732.000000 1820.000000
645 PINHOLE 5464 3640 4005.271800 4005.271800 2732.000000 1820.000000
646 PINHOLE 5464 3640 3991.349733 3991.349733 2732.000000 1820.000000
647 PINHOLE 5464 3640 4002.140058 4002.140058 2732.000000 1820.000000
648 PINHOLE 5464 3640 3999.151937 3999.151937 2732.000000 1820.000000
649 PINHOLE 5464 3640 3982.830309 3982.830309 2732.000000 1820.000000
650 PINHOLE 5464 3640 4016.503411 4016.503411 2732.000000 1820.000000
651 PINHOLE 5464 3640 4035.032301 4035.032301 2732.000000 1820.000000
652 PINHOLE 5464 3640 3979.644895 3979.644895 2732.000000 1820.000000
653 PINHOLE 5464 3640 4017.128095 4017.128095 2732.000000 1820.000000
654 PINHOLE 5464 3640 3974.347178 3974.347178 2732.000000 1820.000000
655 PINHOLE 5464 3640 3977.524114 3977.524114 2732.000000 1820.000000
656 PINHOLE 5464 3640 4011.730180 4011.730180 2732.000000 1820.000000
657 PINHOLE 5464 3640 4028.374463 4028.374463 2732.000000 1820.000000
658 PINHOLE 5464 3640 4027.967620 4027.967620 2732.000000 1820.000000
659 PINHOLE 5464 3640 4036.681449 4036.681449 2732.000000 1820.000000
660 PINHOLE 5464 3640 3981.934014 3981.934014 2732.000000 1820.000000
661 PINHOLE 5464 3640 4033.409349 4033.409349 2732.000000 1820.000000
662 PINHOLE 5464 3640 3992.417224 3992.417224 2732.000000 1820.000000
663 PINHOLE 5464 3640 3986.020828 3986.020828 2732.000000 1820.000000
664 PINHOLE 5464 3640 3986.020828 3986.020828 2732.000000 1820.000000
665 PINHOLE 5464 3640 3986.529277 3986.529277 2732.000000 1820.000000
666 PINHOLE 5464 3640 3979.644895 3979.644895 2732.000000 1820.000000
667 PINHOLE 5464 3640 3987.336226 3987.336226 2732.000000 1820.000000
668 PINHOLE 5464 3640 3984.956754 3984.956754 2732.000000 1820.000000
669 PINHOLE 5464 3640 3971.175313 3971.175313 2732.000000 1820.000000
670 PINHOLE 5464 3640 3987.784965 3987.784965 2732.000000 1820.000000
671 PINHOLE 5464 3640 3983.893248 3983.893248 2732.000000 1820.000000
672 PINHOLE 5464 3640 3977.524114 3977.524114 2732.000000 1820.000000
673 PINHOLE 5464 3640 4000.977754 4000.977754 2732.000000 1820.000000
674 PINHOLE 5464 3640 3985.556938 3985.556938 2732.000000 1820.000000
675 PINHOLE 5464 3640 3994.553920 3994.553920 2732.000000 1820.000000
676 PINHOLE 5464 3640 3984.956754 3984.956754 2732.000000 1820.000000
677 PINHOLE 5464 3640 4024.709625 4024.709625 2732.000000 1820.000000
678 PINHOLE 5464 3640 3968.008506 3968.008506 2732.000000 1820.000000
679 PINHOLE 5464 3640 3976.464571 3976.464571 2732.000000 1820.000000
680 PINHOLE 5464 3640 3986.020828 3986.020828 2732.000000 1820.000000
681 PINHOLE 5464 3640 3986.020828 3986.020828 2732.000000 1820.000000
682 PINHOLE 5464 3640 3958.538319 3958.538319 2732.000000 1820.000000
683 PINHOLE 5464 3640 3989.216462 3989.216462 2732.000000 1820.000000
684 PINHOLE 5464 3640 3991.349733 3991.349733 2732.000000 1820.000000
685 PINHOLE 5464 3640 3991.349733 3991.349733 2732.000000 1820.000000
686 PINHOLE 5464 3640 3975.405593 3975.405593 2732.000000 1820.000000
687 PINHOLE 5464 3640 3995.623126 3995.623126 2732.000000 1820.000000
688 PINHOLE 5464 3640 3994.553920 3994.553920 2732.000000 1820.000000
689 PINHOLE 5464 3640 4011.139449 4011.139449 2732.000000 1820.000000
690 PINHOLE 5464 3640 3992.417224 3992.417224 2732.000000 1820.000000
691 PINHOLE 5464 3640 3994.553920 3994.553920 2732.000000 1820.000000
692 PINHOLE 5464 3640 3978.586805 3978.586805 2732.000000 1820.000000
693 PINHOLE 5464 3640 3949.113228 3949.113228 2732.000000 1820.000000
694 PINHOLE 5464 3640 3976.582143 3976.582143 2732.000000 1820.000000
695 PINHOLE 5464 3640 4006.346753 4006.346753 2732.000000 1820.000000
696 PINHOLE 5464 3640 3988.150681 3988.150681 2732.000000 1820.000000
697 PINHOLE 5464 3640 4019.775956 4019.775956 2732.000000 1820.000000
698 PINHOLE 5464 3640 4021.456897 4021.456897 2732.000000 1820.000000
699 PINHOLE 5464 3640 4017.291558 4017.291558 2732.000000 1820.000000
700 PINHOLE 5464 3640 3991.596360 3991.596360 2732.000000 1820.000000
701 PINHOLE 5464 3640 3993.485286 3993.485286 2732.000000 1820.000000
702 PINHOLE 5464 3640 4042.236092 4042.236092 2732.000000 1820.000000
703 PINHOLE 5464 3640 4023.624798 4023.624798 2732.000000 1820.000000
704 PINHOLE 5464 3640 3994.553920 3994.553920 2732.000000 1820.000000
705 PINHOLE 5464 3640 3960.638896 3960.638896 2732.000000 1820.000000
706 PINHOLE 5464 3640 4037.802968 4037.802968 2732.000000 1820.000000
707 PINHOLE 5464 3640 4034.499459 4034.499459 2732.000000 1820.000000
708 PINHOLE 5464 3640 3998.834182 3998.834182 2732.000000 1820.000000
709 PINHOLE 5464 3640 4000.977754 4000.977754 2732.000000 1820.000000
710 PINHOLE 5464 3640 4004.197425 4004.197425 2732.000000 1820.000000
711 PINHOLE 5464 3640 4050.122513 4050.122513 2732.000000 1820.000000
712 PINHOLE 5464 3640 3999.206278 3999.206278 2732.000000 1820.000000
713 PINHOLE 5464 3640 3988.150681 3988.150681 2732.000000 1820.000000
714 PINHOLE 5464 3640 3988.150681 3988.150681 2732.000000 1820.000000
715 PINHOLE 5464 3640 3981.767938 3981.767938 2732.000000 1820.000000
716 PINHOLE 5464 3640 3979.644895 3979.644895 2732.000000 1820.000000
717 PINHOLE 5464 3640 3989.578015 3989.578015 2732.000000 1820.000000
718 PINHOLE 5464 3640 3993.184374 3993.184374 2732.000000 1820.000000
719 PINHOLE 5464 3640 3993.540052 3993.540052 2732.000000 1820.000000
720 PINHOLE 5464 3640 3996.692905 3996.692905 2732.000000 1820.000000
721 PINHOLE 5464 3640 4004.755923 4004.755923 2732.000000 1820.000000
722 PINHOLE 5464 3640 3999.905681 3999.905681 2732.000000 1820.000000
723 PINHOLE 5464 3640 4009.575074 4009.575074 2732.000000 1820.000000
724 PINHOLE 5464 3640 4002.228990 4002.228990 2732.000000 1820.000000
725 PINHOLE 5464 3640 3995.919699 3995.919699 2732.000000 1820.000000
726 PINHOLE 5464 3640 3991.644914 3991.644914 2732.000000 1820.000000
727 PINHOLE 5464 3640 3978.584222 3978.584222 2732.000000 1820.000000
728 PINHOLE 5464 3640 3991.661110 3991.661110 2732.000000 1820.000000
729 PINHOLE 5464 3640 4009.575074 4009.575074 2732.000000 1820.000000
730 PINHOLE 5464 3640 4023.624798 4023.624798 2732.000000 1820.000000
731 PINHOLE 5464 3640 4025.955540 4025.955540 2732.000000 1820.000000
732 PINHOLE 5464 3640 4022.820180 4022.820180 2732.000000 1820.000000
733 PINHOLE 5464 3640 3980.706133 3980.706133 2732.000000 1820.000000
734 PINHOLE 5464 3640 4032.570043 4032.570043 2732.000000 1820.000000
735 PINHOLE 5464 3640 4032.602798 4032.602798 2732.000000 1820.000000
736 PINHOLE 5464 3640 3984.956754 3984.956754 2732.000000 1820.000000
737 PINHOLE 5464 3640 3981.767938 3981.767938 2732.000000 1820.000000
738 PINHOLE 5464 3640 3970.119149 3970.119149 2732.000000 1820.000000
739 PINHOLE 5464 3640 3974.819907 3974.819907 2732.000000 1820.000000
740 PINHOLE 5464 3640 3976.953565 3976.953565 2732.000000 1820.000000
741 PINHOLE 5464 3640 4040.309885 4040.309885 2732.000000 1820.000000
742 PINHOLE 5464 3640 4017.308275 4017.308275 2732.000000 1820.000000
743 PINHOLE 5464 3640 4043.241603 4043.241603 2732.000000 1820.000000
744 PINHOLE 5464 3640 4045.035357 4045.035357 2732.000000 1820.000000
745 PINHOLE 5464 3640 4029.054791 4029.054791 2732.000000 1820.000000
746 PINHOLE 5464 3640 4026.881036 4026.881036 2732.000000 1820.000000
747 PINHOLE 5464 3640 3994.553920 3994.553920 2732.000000 1820.000000
748 PINHOLE 5464 3640 3993.685557 3993.685557 2732.000000 1820.000000
749 PINHOLE 5464 3640 3955.091067 3955.091067 2732.000000 1820.000000
750 PINHOLE 5464 3640 3992.417224 3992.417224 2732.000000 1820.000000
751 PINHOLE 5464 3640 3986.586031 3986.586031 2732.000000 1820.000000
752 PINHOLE 5464 3640 3977.524114 3977.524114 2732.000000 1820.000000
753 PINHOLE 5464 3640 3995.947400 3995.947400 2732.000000 1820.000000
754 PINHOLE 5464 3640 3991.349733 3991.349733 2732.000000 1820.000000
755 PINHOLE 5464 3640 3988.150681 3988.150681 2732.000000 1820.000000
756 PINHOLE 5464 3640 3980.185070 3980.185070 2732.000000 1820.000000
757 PINHOLE 5464 3640 3998.834182 3998.834182 2732.000000 1820.000000
758 PINHOLE 5464 3640 4010.652337 4010.652337 2732.000000 1820.000000
759 PINHOLE 5464 3640 4039.195439 4039.195439 2732.000000 1820.000000
760 PINHOLE 5464 3640 3978.806323 3978.806323 2732.000000 1820.000000
761 PINHOLE 5464 3640 4022.540555 4022.540555 2732.000000 1820.000000
762 PINHOLE 5464 3640 4003.724894 4003.724894 2732.000000 1820.000000
763 PINHOLE 5464 3640 3983.893248 3983.893248 2732.000000 1820.000000
764 PINHOLE 5464 3640 3970.119149 3970.119149 2732.000000 1820.000000
765 PINHOLE 5464 3640 3974.400172 3974.400172 2732.000000 1820.000000
766 PINHOLE 5464 3640 3970.251498 3970.251498 2732.000000 1820.000000
767 PINHOLE 5464 3640 3995.623126 3995.623126 2732.000000 1820.000000
768 PINHOLE 5464 3640 3999.905681 3999.905681 2732.000000 1820.000000
769 PINHOLE 5464 3640 3978.584222 3978.584222 2732.000000 1820.000000
770 PINHOLE 5464 3640 3977.846908 3977.846908 2732.000000 1820.000000
771 PINHOLE 5464 3640 3981.772843 3981.772843 2732.000000 1820.000000
772 PINHOLE 5464 3640 4003.123626 4003.123626 2732.000000 1820.000000
773 PINHOLE 5464 3640 3992.673622 3992.673622 2732.000000 1820.000000
774 PINHOLE 5464 3640 4010.652337 4010.652337 2732.000000 1820.000000
775 PINHOLE 5464 3640 3989.939870 3989.939870 2732.000000 1820.000000
776 PINHOLE 5464 3640 3999.905681 3999.905681 2732.000000 1820.000000
777 PINHOLE 5464 3640 3983.893248 3983.893248 2732.000000 1820.000000
778 PINHOLE 5464 3640 4001.031503 4001.031503 2732.000000 1820.000000
779 PINHOLE 5464 3640 4002.050402 4002.050402 2732.000000 1820.000000
780 PINHOLE 5464 3640 4003.375546 4003.375546 2732.000000 1820.000000
781 PINHOLE 5464 3640 4005.299820 4005.299820 2732.000000 1820.000000
782 PINHOLE 5464 3640 3970.648167 3970.648167 2732.000000 1820.000000
783 PINHOLE 5464 3640 3961.690021 3961.690021 2732.000000 1820.000000
784 PINHOLE 5464 3640 3961.690021 3961.690021 2732.000000 1820.000000
785 PINHOLE 5464 3640 3957.488865 3957.488865 2732.000000 1820.000000
786 PINHOLE 5464 3640 3962.877694 3962.877694 2732.000000 1820.000000
787 PINHOLE 5464 3640 3998.834182 3998.834182 2732.000000 1820.000000
788 PINHOLE 5464 3640 3970.119149 3970.119149 2732.000000 1820.000000
789 PINHOLE 5464 3640 3953.317055 3953.317055 2732.000000 1820.000000
790 PINHOLE 5464 3640 3971.175313 3971.175313 2732.000000 1820.000000
791 PINHOLE 5464 3640 3967.457751 3967.457751 2732.000000 1820.000000
792 PINHOLE 5464 3640 4054.591332 4054.591332 2732.000000 1820.000000
793 PINHOLE 5464 3640 3989.831987 3989.831987 2732.000000 1820.000000
794 PINHOLE 5464 3640 3995.091931 3995.091931 2732.000000 1820.000000
795 PINHOLE 5464 3640 1397.217463 1397.217463 2732.000000 1820.000000
796 PINHOLE 5464 3640 3981.767938 3981.767938 2732.000000 1820.000000
797 PINHOLE 5464 3640 3969.390003 3969.390003 2732.000000 1820.000000
798 PINHOLE 5464 3640 4029.054791 4029.054791 2732.000000 1820.000000
799 PINHOLE 5464 3640 4004.197425 4004.197425 2732.000000 1820.000000
800 PINHOLE 5464 3640 4011.994920 4011.994920 2732.000000 1820.000000
801 PINHOLE 5464 3640 4027.967620 4027.967620 2732.000000 1820.000000
802 PINHOLE 5464 3640 4029.054791 4029.054791 2732.000000 1820.000000
803 PINHOLE 5464 3640 4032.469908 4032.469908 2732.000000 1820.000000
804 PINHOLE 5464 3640 4031.230894 4031.230894 2732.000000 1820.000000
805 PINHOLE 5464 3640 3984.264375 3984.264375 2732.000000 1820.000000
806 PINHOLE 5464 3640 4011.730180 4011.730180 2732.000000 1820.000000
807 PINHOLE 5464 3640 3999.495769 3999.495769 2732.000000 1820.000000
