# Image list with two lines of data per image:
#   IMAGE_ID, QW, QX, QY, QZ, TX, TY, TZ, CAMERA_ID, NAME
#   POINTS2D[] as (X, Y, POINT3D_ID)
1 -0.163897191 -0.358724375 0.843975675 -0.363537610 0.852401071 7.997377416 24.763027580 1 Original_low-1.jpg

2 0.368580357 0.911085474 0.168123667 -0.076198503 0.704312717 9.354603814 22.401310307 2 Original_low-10.jpg

3 0.374612605 0.922512040 0.083152842 -0.041503457 0.656022829 9.422642370 22.237716504 3 Original_low-11.jpg

4 0.350923695 0.874645420 0.306996316 -0.132669559 0.771924970 9.379492566 22.222286388 4 Original_low-12.jpg

5 0.298283776 0.742092611 0.553466519 -0.232379339 -0.985702339 9.023753358 22.786152704 5 Original_low-13.jpg

6 0.283974026 0.707313793 0.597184253 -0.249873804 -0.756839555 8.901281328 22.823631540 6 Original_low-14.jpg

7 0.306071744 0.759469151 0.529163999 -0.222513276 -0.608617084 9.105457041 22.711119815 7 Original_low-15.jpg

8 0.334384898 0.830664830 0.409152911 -0.175432540 -0.923595616 9.288696417 22.565387305 8 Original_low-16.jpg

9 0.318705340 0.792321415 0.478997607 -0.203014713 -0.729445319 9.153391190 22.622126009 9 Original_low-17.jpg

10 0.221697367 0.483652216 0.764077416 -0.364851358 -0.608016379 10.061387065 23.131681671 10 Original_low-18.jpg

11 0.261395806 0.616411832 0.679836326 -0.299217739 -1.005387374 9.114435243 23.125736475 11 Original_low-19.jpg

12 -0.152743413 -0.332959802 0.854648287 -0.367945005 1.192139060 8.005499849 24.741083259 12 Original_low-2.jpg

13 0.222126923 0.483859418 0.763850585 -0.364790320 -0.952711123 9.402446041 23.902227616 13 Original_low-20.jpg

14 0.146063717 0.323562502 0.844097617 -0.401835676 0.269057053 9.276719584 23.985697924 14 Original_low-21.jpg

15 0.009837797 0.032858545 0.891551648 -0.451618416 0.222233266 10.669030555 23.253308692 15 Original_low-23.jpg

16 0.529333862 0.451010218 -0.466029763 0.547002474 -0.370860695 9.740984526 17.170194115 16 Original_low-26.jpg

17 0.555065549 0.448123399 0.443291601 -0.542752440 -0.232311097 10.600359277 16.969424006 17 Original_low-28.jpg

18 0.528502004 0.848739167 -0.018084207 0.000647918 -0.627457506 8.529898612 17.379289030 18 Original_low-29.jpg

19 0.328578440 0.759030644 -0.519991626 0.213348071 1.149591517 9.291151659 22.921537936 19 Original_low-3.jpg

20 -0.363529580 -0.558982478 0.631710988 -0.395380908 0.736294843 9.000767181 17.235630783 20 Original_low-30.jpg

21 -0.337232588 -0.518766217 0.664818634 -0.418535515 0.715129991 8.980751068 17.389811532 21 Original_low-31.jpg

22 0.043334132 0.076975702 0.843468616 -0.529865632 0.669594197 8.227844287 18.942981825 22 Original_low-32.jpg

23 0.005524843 0.016325715 0.846552339 -0.532026395 0.330651135 8.040481355 19.194082938 23 Original_low-33.jpg

24 0.186359178 0.314262470 0.793079742 -0.487374476 -0.952576266 7.526739153 19.716229699 24 Original_low-34.jpg

25 0.023316910 0.045931934 0.845502958 -0.531480316 0.039284171 8.010957063 19.324908585 25 Original_low-35.jpg

26 0.086267529 0.153139916 0.838959409 -0.515027368 0.902063755 7.412280371 19.869799452 26 Original_low-36.jpg

27 0.042640566 0.079132041 0.843089672 -0.530207231 0.305880889 7.810784365 19.813647548 27 Original_low-37.jpg

28 -0.074497380 -0.110534855 0.839895542 -0.526125142 0.344091635 8.530757447 18.112528247 28 Original_low-38.jpg

29 0.634628163 0.759169299 -0.113917918 0.089060528 -1.080755551 10.134992433 22.689409271 29 Original_low-39.jpg

30 0.319390275 0.737378993 -0.550325418 0.226724517 0.805041252 9.175106618 23.079678925 30 Original_low-4.jpg

31 -0.176505501 -0.268218197 0.804014778 -0.500464828 0.912252729 8.414684818 18.337679164 31 Original_low-40.jpg

32 -0.102461350 -0.154293215 0.833277713 -0.520906448 0.463558392 8.479889448 18.333435204 32 Original_low-41.jpg

33 0.766018093 0.641106910 -0.028551067 0.037189350 -0.532424601 9.517086582 17.797505459 33 Original_low-42.jpg

34 0.776584375 0.621867936 -0.062242355 0.079516458 -0.661014861 10.193019198 16.807685830 34 Original_low-43.jpg

35 0.766605426 0.641620946 0.017286178 -0.018435542 0.344303121 9.567522591 18.093104036 35 Original_low-44.jpg

36 0.613726972 0.768678079 0.135858601 -0.118387733 -2.690779624 10.044063253 23.560360974 36 Original_low-45.jpg

37 0.226439981 0.195535316 -0.622356573 0.723300194 -0.018422011 9.740058826 18.443399713 37 Original_low-46.jpg

38 0.138902848 0.122326532 -0.641300693 0.744631210 0.338228787 9.684337485 18.164476602 38 Original_low-47.jpg

39 0.292296014 0.266358585 -0.617587006 0.679854715 0.257352352 8.193988551 14.087937629 39 Original_low-48.jpg

40 0.279426216 0.254078575 -0.622789858 0.685199140 0.190519623 8.226682885 14.558615592 40 Original_low-49.jpg

41 0.360950254 0.883029984 -0.280532420 0.106181552 0.701398576 9.216692447 22.237729219 41 Original_low-5.jpg

42 0.743165722 0.634806840 -0.137101580 0.161022180 0.053659621 9.704697053 17.772177078 42 Original_low-50.jpg

43 0.741324167 0.646064702 -0.120640640 0.135958510 -0.224075915 9.365264540 18.086774358 43 Original_low-51.jpg

44 0.762237466 0.639066209 -0.065100880 0.079688778 -0.911026134 9.968065341 17.581116655 44 Original_low-52.jpg

45 0.052986894 0.121246820 0.886886046 -0.442633865 -0.483534742 10.118390890 23.761328024 45 Original_low-53.jpg

46 0.754916927 0.641091991 -0.089483015 0.105329401 -0.901059465 9.833489327 18.137807549 46 Original_low-54.jpg

47 0.582307894 0.729196418 0.276482380 -0.229668445 -1.589720479 9.870108270 24.114468051 47 Original_low-55.jpg

48 0.712157026 0.532168515 0.276260029 -0.365115651 -0.516647307 7.741706315 7.612853812 48 Original_low-56.jpg

49 0.660955822 0.485255832 0.341020919 -0.459748749 -1.088216814 7.877832591 7.539369449 49 Original_low-57.jpg

50 0.690252318 0.507008310 0.308158486 -0.414165013 -1.341066613 7.790514378 7.330640889 50 Original_low-58.jpg

51 0.556188799 0.697388026 0.349029937 -0.287196909 -1.085649281 9.820926637 24.264319551 51 Original_low-59.jpg

52 0.353988923 0.864756703 -0.332659043 0.127379934 1.414625220 9.124148982 22.374393320 52 Original_low-6.jpg

53 0.701298058 0.515148059 0.294388979 -0.395143822 -0.674655160 7.751154666 7.209842635 53 Original_low-60.jpg

54 0.008579958 0.009760225 -0.594354893 0.804097870 0.439638740 8.318188510 8.916526270 54 Original_low-61.jpg

55 -0.058308383 -0.038852005 -0.592639071 0.802414846 0.628696488 8.390990641 9.048153525 55 Original_low-62.jpg

56 -0.122403480 -0.086556644 -0.587193257 0.795442905 0.528919393 8.391970533 9.184308713 56 Original_low-63.jpg

57 0.547657880 0.412545242 -0.438193956 0.581260120 0.647432528 7.973810398 7.735780534 57 Original_low-64.jpg

58 0.504746033 0.381031769 -0.466313409 0.618545098 0.773604841 7.950025259 7.673721706 58 Original_low-65.jpg

59 0.499463029 0.628621419 0.462060659 -0.376658654 -0.814658515 9.908894292 23.522976910 59 Original_low-66.jpg

60 0.463879095 0.348364354 -0.492259295 0.648952424 0.781270263 7.938867404 7.674309809 60 Original_low-67.jpg

61 0.423900552 0.312312259 -0.504395013 0.684364702 1.054393327 7.989691355 7.644067077 61 Original_low-68.jpg

62 0.757127740 0.570869105 -0.190963371 0.253769661 0.007367570 8.080819641 8.510676029 62 Original_low-69.jpg

63 0.373731877 0.915144780 -0.142656890 0.049834994 0.770743109 9.250881530 22.299145814 63 Original_low-7.jpg

64 0.739872910 0.558346018 -0.226982858 0.298858800 0.543115237 7.901217455 7.984605957 64 Original_low-70.jpg

65 0.741728551 0.559936842 -0.222206502 0.294845317 -0.297688820 8.018725249 8.297708246 65 Original_low-71.jpg

66 0.757563861 0.596269142 0.164855363 -0.208285420 -0.539339591 8.173835450 10.163246511 66 Original_low-72.jpg

67 0.729442997 0.574184772 0.230103777 -0.292022282 -0.008888517 8.129466711 9.950239009 67 Original_low-73.jpg

68 0.772714141 0.607983866 0.113622849 -0.142682595 -0.457386217 8.147392777 10.140163345 68 Original_low-74.jpg

69 0.714164959 0.562283019 0.257586498 -0.327803925 -0.399608503 8.076737322 9.752720336 69 Original_low-75.jpg

70 0.124828657 0.293360945 0.866152999 -0.384884586 -0.718521530 8.494739720 24.639500446 70 Original_low-76.jpg

71 0.155906636 0.364231752 0.838636615 -0.373787346 0.437974607 8.786876040 24.439623195 71 Original_low-77.jpg

72 0.173508873 0.404127392 0.820234960 -0.365773608 0.065661737 8.832817887 24.345924506 72 Original_low-78.jpg

73 0.148265948 0.346357433 0.846361229 -0.376465679 -0.355649999 8.566371921 24.567796593 73 Original_low-79.jpg

74 0.365688001 0.894600930 -0.240437385 0.090284691 0.342190994 9.138705200 22.415444615 74 Original_low-8.jpg

75 0.186579738 0.433342691 0.805276130 -0.359071674 -0.353755918 8.952980435 24.301419592 75 Original_low-80.jpg

76 0.095136605 0.227558960 0.885469669 -0.393839323 -0.024512774 8.418379639 24.772238006 76 Original_low-81.jpg

77 -0.193551916 -0.426345090 0.811732361 -0.349081787 0.993958194 8.256883339 24.493222634 77 Original_low-82.jpg

78 0.318864430 0.404542777 0.666527324 -0.538898824 0.010381034 9.954129902 23.219364719 78 Original_low-83.jpg

79 -0.221558955 -0.497294786 0.772318684 -0.327312352 1.213244980 8.067780570 24.536255324 79 Original_low-84.jpg

80 0.301469836 0.384930420 0.680003884 -0.546387433 -0.552476748 9.854063704 23.268984501 80 Original_low-85.jpg

81 0.374557245 0.918398394 -0.120543551 0.041479070 0.181421027 9.284314807 22.395166459 81 Original_low-9.jpg

82 0.371553506 0.917341569 0.129618273 -0.060262275 0.847493043 9.415589310 22.327136583 82 Original_mid-1.jpg

83 0.278715318 0.678334795 0.625314272 -0.266761577 -0.795592980 9.091260846 22.781375423 83 Original_mid-10.jpg

84 0.277562704 0.652254625 0.645173120 -0.285086821 -1.455276973 9.538717476 22.722953674 84 Original_mid-11.jpg

85 0.233192729 0.529855637 0.741988252 -0.338123630 -1.488378366 9.041282272 23.674412940 85 Original_mid-12.jpg

86 0.204936235 0.447869476 0.785480084 -0.374746727 -0.604868060 9.757865226 23.461653320 86 Original_mid-13.jpg

87 0.240877929 0.568714364 0.720097109 -0.316230847 -0.971844974 8.747845091 23.487748072 87 Original_mid-14.jpg

88 0.223665611 0.280975024 0.722358327 -0.590952771 -0.971055972 10.151679980 23.404934357 88 Original_mid-15.jpg

89 0.180594639 0.396667768 0.812417444 -0.387321771 0.063419136 9.545827317 23.697600459 89 Original_mid-16.jpg

90 0.160756922 0.355695280 0.831187352 -0.395936441 0.203908259 9.379519308 23.837943489 90 Original_mid-17.jpg

91 0.128557008 0.285550285 0.857806980 -0.407555290 0.177333902 9.177234237 24.111496101 91 Original_mid-18.jpg

92 0.196001777 0.247259128 0.734887079 -0.600322586 -0.906746274 10.089772736 23.426469123 92 Original_mid-19.jpg

93 0.375903190 0.925534489 0.038896045 -0.023870446 0.732004033 9.453597367 22.217893865 93 Original_mid-2.jpg

94 0.031044200 0.076991129 0.891787540 -0.444773658 0.127634094 10.113594126 23.702806856 94 Original_mid-20.jpg

95 0.115686513 0.248036369 0.863000530 -0.424646531 0.326542726 9.816318289 23.898094677 95 Original_mid-21.jpg

96 0.072665617 0.158989184 0.880526223 -0.440585654 0.083244028 10.023266638 23.879602888 96 Original_mid-22.jpg

97 0.145836896 0.135486259 -0.666151083 0.718761301 1.120867712 4.746452362 11.851481183 97 Original_mid-24.jpg

98 0.758256179 0.650036685 -0.030653695 0.039499691 -0.966002596 9.622380541 18.148040970 98 Original_mid-25.jpg

99 0.601940638 0.485282838 0.401180890 -0.491143491 -1.711934679 10.646000902 17.023934513 99 Original_mid-26.jpg

100 0.385203849 0.348355212 -0.574771060 0.632380321 0.689542325 8.024061148 13.097353120 100 Original_mid-27.jpg

101 0.417619637 0.377245605 -0.555801932 0.611852764 1.206395513 8.096456576 12.807649296 101 Original_mid-28.jpg

102 0.526204074 0.844201851 -0.091405035 0.045580978 -0.450485366 8.911152484 16.744888568 102 Original_mid-29.jpg

103 0.376043466 0.926393657 0.013873404 -0.013915156 1.113720456 9.513045435 22.117426472 103 Original_mid-3.jpg

104 0.780069271 0.624293172 0.026955353 -0.031990260 -0.332114213 10.065888857 16.032762464 104 Original_mid-30.jpg

105 0.624043098 0.778609692 0.046306428 -0.046828134 -0.437260763 9.969748207 24.136563569 105 Original_mid-31.jpg

106 -0.034976512 -0.046245335 0.845726209 -0.530457530 0.853659678 8.421012737 18.343707514 106 Original_mid-32.jpg

107 -0.223517861 -0.343274930 0.774623680 -0.481830097 0.946939102 8.513664459 18.258346886 107 Original_mid-33.jpg

108 -0.300641259 -0.462264109 0.704627782 -0.446571849 1.115713976 9.010282116 17.578340462 108 Original_mid-34.jpg

109 -0.260552838 -0.402378765 0.745211395 -0.463533737 1.158555274 8.555181029 18.160399067 109 Original_mid-35.jpg

110 0.121759333 0.207863385 0.827628627 -0.506950030 0.057427411 7.584757106 19.585907517 110 Original_mid-36.jpg

111 -0.049148767 -0.070135565 0.844096079 -0.529308238 0.143652254 8.472680120 18.247430895 111 Original_mid-37.jpg

112 0.324423200 0.296016814 -0.604013002 0.665050319 1.097300500 8.118031173 13.374983587 112 Original_mid-38.jpg

113 0.766608656 0.641727281 0.014216660 -0.017179979 -0.711946859 9.564796920 18.276690627 113 Original_mid-39.jpg

114 0.376572095 0.925559492 -0.038394955 0.007675427 0.777753388 9.399357096 22.260505813 114 Original_mid-4.jpg

115 0.766702939 0.641466990 0.017198874 -0.019771264 -1.496354958 9.639416515 18.455017463 115 Original_mid-40.jpg

116 -0.140463877 -0.213204988 0.820371544 -0.511667922 0.501611951 8.430948664 18.381744706 116 Original_mid-41.jpg

117 0.764828511 0.640110303 -0.045507080 0.056791320 -0.145132531 9.472004221 17.523598501 117 Original_mid-42.jpg

118 0.771259327 0.624006153 -0.078368222 0.098151889 -0.913452392 10.006125175 16.711521853 118 Original_mid-43.jpg

119 0.763017913 0.617443566 -0.119841239 0.149014039 0.013663453 9.961780831 16.370706474 119 Original_mid-44.jpg

120 -0.139131507 -0.110630367 -0.624140779 0.760822998 0.302133759 10.328194227 16.254408266 120 Original_mid-45.jpg

121 -0.057186140 -0.044985610 -0.633114184 0.770631215 -0.826312349 10.180056581 15.808161994 121 Original_mid-46.jpg

122 0.168374392 0.147052218 -0.635695259 0.738862130 -0.181298167 9.714446249 18.448429180 122 Original_mid-47.jpg

123 0.263504718 0.239974082 -0.628510997 0.691340459 -0.138303554 8.336028599 15.382957701 123 Original_mid-48.jpg

124 0.222773802 0.203339927 -0.641266335 0.705550987 0.515336323 8.300532526 15.305828530 124 Original_mid-49.jpg

125 0.356895894 0.888840654 0.263374959 -0.114983671 0.605724671 8.889638842 22.778948036 125 Original_mid-5.jpg

126 0.730484889 0.624167435 -0.179584124 0.211083830 -0.719165538 9.670951230 17.832299466 126 Original_mid-50.jpg

127 0.753327951 0.639843340 -0.098691109 0.115574928 0.032501331 9.808996053 17.922735941 127 Original_mid-51.jpg

128 0.724749456 0.541371508 0.257445410 -0.339671867 -0.539170680 7.700885921 7.475445517 128 Original_mid-52.jpg

129 0.705782322 0.527444318 0.285307784 -0.377191296 -0.591631854 7.785028079 7.736361822 129 Original_mid-53.jpg

130 -0.273504847 -0.198358562 -0.559574837 0.756785955 -0.536636499 8.373942498 9.054931060 130 Original_mid-54.jpg

131 -0.203523966 -0.146421568 -0.575170809 0.778663766 -0.163458659 8.362084034 9.118726570 131 Original_mid-55.jpg

132 0.424275142 0.311728420 -0.505138882 0.683849915 1.070333537 7.960955927 7.624651787 132 Original_mid-56.jpg

133 -0.017477210 -0.009644579 -0.594754912 0.803659209 0.481496654 8.365222473 8.958276428 133 Original_mid-57.jpg

134 0.600310508 0.452479332 -0.396937142 0.526621926 0.780373173 8.003594872 7.751261749 134 Original_mid-58.jpg

135 0.575743241 0.433376283 -0.417231685 0.553734990 0.626455599 7.982569704 7.635829831 135 Original_mid-59.jpg

136 0.364321740 0.903087772 0.207711995 -0.092508771 0.731232449 9.205017135 22.539803971 136 Original_mid-6.jpg

137 0.776682150 0.591320896 -0.130599519 0.173344170 -0.260676190 8.222454475 8.636470105 137 Original_mid-60.jpg

138 0.771520049 0.586880579 -0.147857230 0.196128120 0.066911116 8.221648962 8.587294937 138 Original_mid-61.jpg

139 0.764966800 0.576256528 -0.173053008 0.229797445 -0.419922157 8.136656263 8.515786343 139 Original_mid-62.jpg

140 0.639283892 0.766670978 0.043774636 -0.040193258 -0.364718640 9.835472369 23.803543779 140 Original_mid-63.jpg

141 0.412256991 0.518963673 0.581571167 -0.471694666 -0.852053201 10.069211732 23.103158281 141 Original_mid-64.jpg

142 0.076385922 0.185376180 0.895278774 -0.397840143 0.275108994 8.295175821 24.944196379 142 Original_mid-65.jpg

143 -0.234145020 -0.526969507 0.752013118 -0.319304742 1.417447370 8.866096653 23.635939981 143 Original_mid-66.jpg

144 0.281929972 0.358536602 0.691348265 -0.560361109 -0.600699776 9.949556513 23.252363717 144 Original_mid-67.jpg

145 0.339781048 0.786599565 -0.477276744 0.194979159 1.273526746 9.394964317 22.717874482 145 Original_mid-68.jpg

146 0.234788225 0.300995523 0.718339680 -0.581604925 0.188124844 9.912999020 23.462040593 146 Original_mid-7.jpg

147 0.346674688 0.861287907 0.341000994 -0.147370699 -0.090526264 9.582859196 22.138303050 147 Original_mid-8.jpg

148 0.338254157 0.839825971 0.390130950 -0.167553888 -0.108132966 9.266042996 22.551824782 148 Original_mid-9.jpg

149 0.544247167 0.471465836 -0.457713280 0.521549173 -0.045921607 6.512818476 13.630191434 149 The_Tree-1.jpg

150 0.487086756 0.421598617 -0.504745040 0.574659502 -0.537330664 6.509973394 13.347898903 150 The_Tree-10.jpg

151 0.703658666 0.685382876 -0.134424021 0.130556416 -1.782211194 9.665112062 21.796739366 151 The_Tree-100.jpg

152 0.690702691 0.672141683 -0.190754316 0.186462175 -1.598790350 9.690904531 21.551456009 152 The_Tree-101.jpg

153 0.686483674 0.668003611 -0.204557408 0.201662113 -1.417596916 9.709042327 21.571006131 153 The_Tree-102.jpg

154 0.673292720 0.655481699 -0.242220283 0.241557427 -1.801423707 9.751574687 21.162400825 154 The_Tree-103.jpg

155 0.598359528 0.592731146 -0.383604630 0.378791700 0.681789707 9.368585348 21.864615028 155 The_Tree-104.jpg

156 0.554186387 0.538940383 -0.447582198 0.449545201 0.834025976 9.818059345 22.187781918 156 The_Tree-105.jpg

157 0.587625130 0.573559752 -0.403575293 0.403550369 1.601911320 9.706987359 21.683344152 157 The_Tree-106.jpg

158 0.542640245 0.526996100 -0.461131916 0.463868549 1.118458505 9.872588911 22.246772092 158 The_Tree-107.jpg

159 0.702721652 0.682431454 0.137024883 -0.147288058 -1.434923088 9.604721519 21.762216822 159 The_Tree-108.jpg

160 0.051408702 0.146885642 0.916578668 -0.368327706 0.068813733 8.747904992 23.677852836 160 The_Tree-109.jpg

161 0.284051547 0.246195757 -0.616566265 0.691771934 0.792390352 6.412173076 14.151686996 161 The_Tree-11.jpg

162 0.014265753 0.053731296 0.926862520 -0.371261775 0.536068816 8.784085771 23.559685664 162 The_Tree-110.jpg

163 -0.000528134 0.016766713 0.928303925 -0.371443700 0.404899184 8.652782964 23.647035510 163 The_Tree-111.jpg

164 -0.016631084 -0.023624417 0.928216367 -0.370917337 0.550080561 8.659980844 23.608388013 164 The_Tree-112.jpg

165 -0.036772389 -0.073467790 0.925619074 -0.369431461 0.930262621 8.708792099 23.503139327 165 The_Tree-113.jpg

166 -0.043778723 -0.090745938 0.924096966 -0.368637214 0.273470491 8.728096729 23.435836831 166 The_Tree-114.jpg

167 -0.067897794 -0.151160878 0.916166031 -0.364938464 0.392224029 8.706724674 23.420735646 167 The_Tree-115.jpg

168 -0.087006046 -0.199116197 0.906944369 -0.360880311 0.413088228 8.692819970 23.413095056 168 The_Tree-116.jpg

169 0.291482211 0.875887445 0.362441328 -0.128435151 0.370827321 8.213334703 22.969508642 169 The_Tree-117.jpg

170 0.299431308 0.898956940 0.300803406 -0.108326461 0.248021409 8.344457868 22.844764899 170 The_Tree-118.jpg

171 0.343956437 0.902703966 -0.244289418 0.084511531 0.518976870 9.014533460 20.648349952 171 The_Tree-119.jpg

172 -0.105487363 -0.098819498 -0.671170436 0.727074528 0.208654610 4.872051209 12.261120244 172 The_Tree-12.jpg

173 0.261922611 0.790653387 0.522626672 -0.182003100 -0.117012968 7.803493479 23.244370771 173 The_Tree-120.jpg

174 0.234197715 0.710852769 0.626755158 -0.216835752 -0.686458095 8.072143358 23.078027494 174 The_Tree-121.jpg

175 0.199716058 0.513129909 0.773892250 -0.312892919 -0.537356890 10.177425959 22.253138081 175 The_Tree-122.jpg

176 0.193395383 0.577771568 0.748589729 -0.261517989 -0.503311666 8.155031295 22.968479825 176 The_Tree-123.jpg

177 0.328079729 0.860682838 -0.366730121 0.130758414 0.937727871 8.907316806 20.710791568 177 The_Tree-124.jpg

178 0.283901299 0.740417860 -0.571896513 0.210037672 0.868904790 8.809056121 20.765760845 178 The_Tree-125.jpg

179 0.131792515 0.169764230 0.756450075 -0.617733051 -0.603308848 10.035760694 23.788342631 179 The_Tree-126.jpg

180 -0.100242763 -0.232288194 0.898940334 -0.357630899 0.742471357 8.639570112 23.441005859 180 The_Tree-127.jpg

181 0.350951754 0.922992086 -0.150280715 0.048313387 0.401987727 9.048895657 20.600804784 181 The_Tree-128.jpg

182 0.274675899 0.827648121 0.461897843 -0.161870691 -0.039243081 8.168036013 22.991217526 182 The_Tree-129.jpg

183 0.317517378 0.276991282 -0.603445010 0.676987935 0.652890710 6.372839675 13.872899096 183 The_Tree-13.jpg

184 0.106200315 0.140572961 0.762033227 -0.623110019 -0.543255956 10.118211029 23.939979862 184 The_Tree-130.jpg

185 0.185044477 0.518952228 0.782472396 -0.290144923 0.035940523 9.011420985 22.698505354 185 The_Tree-131.jpg

186 0.198903761 0.609679115 0.726468345 -0.246925930 -0.264564458 7.922439679 23.065294042 186 The_Tree-132.jpg

187 0.340072575 0.892045600 -0.281040912 0.098088208 0.942041575 8.984487283 20.669112964 187 The_Tree-133.jpg

188 0.307351772 0.803002947 -0.479846950 0.174551023 1.497362156 8.865117149 20.701706769 188 The_Tree-134.jpg

189 0.640195726 0.766542468 0.037371830 -0.034138282 -0.776219005 9.907631530 23.629978670 189 The_Tree-135.jpg

190 0.313357394 0.821082971 -0.448499793 0.162720109 1.245448000 8.915009590 20.686640837 190 The_Tree-136.jpg

191 0.702892661 0.703392385 -0.080163739 0.068955313 4.528362061 11.191564980 -35.019258565 191 The_Tree-137.jpg

192 -0.242862105 -0.503628191 0.751532942 -0.350106955 1.834038802 11.317559146 20.055584178 192 The_Tree-138.jpg

193 -0.111082322 -0.224396341 0.880073378 -0.403457370 0.337173474 9.881800749 22.691781381 193 The_Tree-139.jpg

194 0.316678665 0.277059287 -0.603406254 0.677387383 0.492551901 6.373394381 13.654027904 194 The_Tree-14.jpg

195 -0.060906588 -0.109181342 0.885283808 -0.447931245 0.821573430 11.475712790 22.018452030 195 The_Tree-140.jpg

196 -0.015326926 -0.017399918 0.891817246 -0.451801203 -0.406864679 10.565067829 23.394799642 196 The_Tree-141.jpg

197 -0.099137620 -0.186036194 0.876029229 -0.433745383 0.192737006 11.202089467 22.020676614 197 The_Tree-142.jpg

198 0.756765244 0.653433606 0.009818967 -0.015312565 0.012066885 6.231564491 12.777554511 198 The_Tree-143.jpg

199 0.531998423 0.468765243 0.465051556 -0.530060256 -0.409377704 5.789665553 12.938659802 199 The_Tree-144.jpg

200 0.086706642 0.080297973 -0.674618337 0.728645519 0.419735974 4.822913386 11.990753079 200 The_Tree-145.jpg

201 -0.450026425 -0.397862976 -0.527448745 0.600815355 -0.040783527 5.741033451 12.880049525 201 The_Tree-146.jpg

202 -0.420785486 -0.371769337 -0.546270115 0.621543318 -0.087065512 5.724820748 12.900048444 202 The_Tree-147.jpg

203 -0.278725629 -0.250444576 -0.616363823 0.692593081 0.490747074 5.426804081 12.867526043 203 The_Tree-148.jpg

204 -0.234318576 -0.208684763 -0.632838169 0.707856855 0.743186739 5.305665939 12.386316417 204 The_Tree-149.jpg

205 0.332849951 0.292655417 -0.595497234 0.670034896 0.714502978 6.391780945 13.659127001 205 The_Tree-15.jpg

206 -0.302482160 -0.271061279 -0.607514340 0.682610176 0.112945118 5.470477091 12.758489768 206 The_Tree-150.jpg

207 0.001047950 0.015457282 0.892158121 -0.451457486 -0.110440662 10.669999692 23.222147632 207 The_Tree-151.jpg

208 -0.332737138 -0.294048420 -0.591599470 0.672927627 -0.297449740 5.642356751 12.800699145 208 The_Tree-152.jpg

209 -0.366776644 -0.323952017 -0.575641239 0.655108501 0.013808037 5.696443911 12.893484140 209 The_Tree-153.jpg

210 -0.404955140 -0.358146586 -0.555162967 0.632088947 -0.260906254 5.704284050 12.864431356 210 The_Tree-154.jpg

211 -0.344965461 -0.305679923 -0.585857031 0.666580944 0.084491315 5.609417758 12.819218262 211 The_Tree-155.jpg

212 -0.495890265 -0.435638903 -0.496272772 0.563936988 0.388153109 5.785355803 12.923002300 212 The_Tree-156.jpg

213 0.369728729 0.906996229 -0.189462126 0.069011670 0.035648162 8.928152040 22.651644893 213 The_Tree-157.jpg

214 0.368652417 0.904051676 -0.202977041 0.074741438 0.806806698 8.809270376 22.725499697 214 The_Tree-158.jpg

215 0.358891365 0.878146702 -0.295950425 0.111663350 0.784203006 8.935962491 22.817767293 215 The_Tree-159.jpg

216 0.753215421 0.649496505 -0.070118715 0.076838691 -0.403058391 6.313817469 12.910745289 216 The_Tree-16.jpg

217 0.403532092 0.816972616 0.366977708 -0.187202984 -0.091828863 10.550239463 19.742851434 217 The_Tree-160.jpg

218 0.417839799 0.845172173 0.296441722 -0.152368650 -0.584658799 10.591251781 19.780281980 218 The_Tree-161.jpg

219 0.427759532 0.862349790 0.240670486 -0.124307437 -0.268285888 10.499485694 19.893296762 219 The_Tree-162.jpg

220 0.373620675 0.924356112 0.068809518 -0.035194030 0.161306838 8.899165233 22.418111833 220 The_Tree-163.jpg

221 0.368582836 0.929559105 0.000912210 -0.008107466 0.536710638 8.728922198 22.365892212 221 The_Tree-164.jpg

222 0.368323896 0.927556776 -0.060853837 0.016515012 0.315211893 8.629137600 22.543106632 222 The_Tree-165.jpg

223 0.018734211 0.031900843 0.779717939 -0.625037039 -0.520320342 9.993525922 22.434166209 223 The_Tree-166.jpg

224 0.056054392 0.075232196 0.770939823 -0.629960166 -1.533460513 10.186318316 23.168664469 224 The_Tree-167.jpg

225 0.328953722 0.667711450 0.596759946 -0.299713920 -0.725942342 10.652698069 19.457566670 225 The_Tree-168.jpg

226 0.370269565 0.748834715 0.490803830 -0.247504788 -1.022280274 10.732475333 19.475653811 226 The_Tree-169.jpg

227 0.747325760 0.644450889 -0.108245979 0.120291595 -0.427516623 6.323594510 13.056956308 227 The_Tree-17.jpg

228 0.388921211 0.785004748 0.430011609 -0.218169323 -0.783466400 10.688926291 19.609070463 228 The_Tree-170.jpg

229 0.393692307 0.796125841 0.409627585 -0.208315276 -0.087525320 10.476589558 19.881373536 229 The_Tree-171.jpg

230 0.637566717 0.623739343 -0.321286682 0.318170994 0.498793136 9.572869459 21.671641782 230 The_Tree-172.jpg

231 0.641845315 0.635260670 -0.307101463 0.300278478 0.179088670 9.412109486 21.644661194 231 The_Tree-173.jpg

232 0.660131423 0.653627491 -0.264183037 0.259239137 0.525148838 9.470446488 21.691622231 232 The_Tree-174.jpg

233 -0.231934525 -0.224117142 -0.649650462 0.688427309 0.065137753 9.520890717 21.362216141 233 The_Tree-175.jpg

234 0.624994037 0.607479526 -0.346320466 0.347006071 0.155239170 9.856639960 21.364971222 234 The_Tree-176.jpg

235 0.511910458 0.496134744 -0.494530243 0.497230165 1.605383418 9.891571814 22.609736152 235 The_Tree-177.jpg

236 0.645039467 0.621012884 0.306032409 -0.323436622 -1.557723701 9.616285361 21.573489701 236 The_Tree-178.jpg

237 0.665321857 0.639272051 0.264686864 -0.280390684 -1.039453853 9.666165737 21.795807558 237 The_Tree-179.jpg

238 0.744073220 0.641244348 -0.124762947 0.139981914 -0.337458643 6.274892638 13.067208189 238 The_Tree-18.jpg

239 0.630163293 0.607708433 0.332241096 -0.350999343 -1.773683638 9.603364776 21.558219407 239 The_Tree-180.jpg

240 0.597363238 0.576732351 0.383385687 -0.404416089 -0.607878780 9.351779034 20.977897070 240 The_Tree-181.jpg

241 0.563431597 0.540452333 0.429540784 -0.453818054 -1.357210378 9.548599232 20.979820180 241 The_Tree-182.jpg

242 0.575848929 0.551744913 0.415152826 -0.437748436 0.109588435 9.526919370 20.883976868 242 The_Tree-183.jpg

243 -0.119604215 -0.242082029 0.874970917 -0.401891797 -0.284485808 9.664781975 23.017709205 243 The_Tree-184.jpg

244 0.548669824 0.482923565 0.449867691 -0.513191305 -0.086188233 5.760685356 12.835197495 244 The_Tree-185.jpg

245 0.262074569 0.682690035 -0.639904414 0.236164303 0.506955394 8.871181034 20.764855106 245 The_Tree-186.jpg

246 0.698092861 0.675447482 0.163109373 -0.172720551 -1.105626369 9.662629688 21.543827556 246 The_Tree-187.jpg

247 -0.165918044 -0.160062301 -0.668496231 0.707081361 1.321389248 9.483788813 21.116654048 247 The_Tree-188.jpg

248 0.080979362 0.110545734 0.766619131 -0.627309406 -0.756718117 10.084541283 23.857828526 248 The_Tree-189.jpg

249 0.003027353 0.002369227 -0.678747092 0.734362041 0.099333094 4.835854121 12.038856993 249 The_Tree-19.jpg

250 0.109213636 0.290027794 0.882213490 -0.354479362 -0.123431891 9.638750650 22.640781219 250 The_Tree-190.jpg

251 0.695019107 0.668064236 0.181745576 -0.193925661 -1.517567530 9.774141620 21.627389257 251 The_Tree-191.jpg

252 0.132623797 0.349184929 0.860320224 -0.346886042 0.619446997 9.656846603 22.743058392 252 The_Tree-192.jpg

253 0.122650241 0.322517142 0.870681497 -0.350504411 0.055083964 9.670062811 22.749363031 253 The_Tree-193.jpg

254 -0.124722823 -0.294100797 0.880634177 -0.349903395 0.636741030 8.668281834 23.349075198 254 The_Tree-194.jpg

255 -0.150265598 -0.358084236 0.856519516 -0.339956244 0.983781901 8.745041854 23.259726039 255 The_Tree-195.jpg

256 -0.172028243 -0.355278453 0.835040148 -0.383264213 0.530830374 9.831265292 22.689670058 256 The_Tree-196.jpg

257 0.160644187 0.203539823 0.748059611 -0.610877896 -0.327740947 10.047017152 23.783798333 257 The_Tree-197.jpg

258 0.110304380 0.144643749 0.761639024 -0.621946241 -0.164381999 10.091790649 23.170612488 258 The_Tree-198.jpg

259 0.073232940 0.200157081 0.906663440 -0.364054234 -0.014397269 9.146693440 23.170272007 259 The_Tree-199.jpg

260 0.558067491 0.483471703 -0.444828458 0.506895878 -0.033711646 6.486468367 13.598607457 260 The_Tree-2.jpg

261 0.735396129 0.633014283 -0.160048908 0.181300296 -0.034729837 6.317667388 13.247528182 261 The_Tree-20.jpg

262 0.091179131 0.244502576 0.895965741 -0.359374802 -0.068358867 9.330428117 22.898300014 262 The_Tree-200.jpg

263 -0.182508472 -0.175641327 -0.664345731 0.703196652 1.306452120 9.516168824 21.166964069 263 The_Tree-201.jpg

264 0.281914436 0.684246547 -0.625651433 0.246761418 1.441789840 8.751054979 23.211548356 264 The_Tree-202.jpg

265 0.709480829 0.687971402 0.104003840 -0.111872711 0.032872130 9.641821979 22.090161273 265 The_Tree-203.jpg

266 0.708518829 0.687524132 0.107628383 -0.117165558 -0.757769943 9.630213556 21.879179242 266 The_Tree-204.jpg

267 0.706911837 0.686719538 0.114523736 -0.124804826 -1.525410984 9.602535306 21.698175558 267 The_Tree-205.jpg

268 0.685099639 0.658096868 0.214172309 -0.227326239 -1.657257166 9.711078603 21.793636800 268 The_Tree-206.jpg

269 0.337462725 0.824333103 -0.423861705 0.164119159 0.493207824 9.024486549 22.863100241 269 The_Tree-207.jpg

270 0.302010077 0.733439211 -0.566855512 0.222557106 0.922578894 8.872653699 23.109556072 270 The_Tree-208.jpg

271 0.338271081 0.824875382 -0.422506223 0.163223072 0.868517476 8.433562880 23.364848288 271 The_Tree-209.jpg

272 0.733351108 0.628018792 -0.171999298 0.195460456 0.128966496 6.430731563 13.301505384 272 The_Tree-21.jpg

273 0.379999751 0.767973474 0.460137454 -0.232573549 -0.917481993 10.762688906 19.477768905 273 The_Tree-210.jpg

274 -0.051544968 -0.054717205 0.776417170 -0.625720003 -0.382589102 9.996648530 22.841524067 274 The_Tree-211.jpg

275 0.343041574 0.835226014 -0.401139023 0.154296687 0.334055301 8.522712899 23.246559040 275 The_Tree-212.jpg

276 -0.221279072 -0.212420794 -0.652887452 0.692568374 -0.427658203 9.556683044 21.253559965 276 The_Tree-213.jpg

277 0.349971365 0.708500012 0.547568903 -0.275165538 -0.524384414 10.754558113 19.427584220 277 The_Tree-214.jpg

278 0.308070144 0.625684646 0.640982681 -0.320550641 -0.802136184 10.578364140 19.505310670 278 The_Tree-215.jpg

279 0.355765589 0.868158793 -0.323460570 0.122900024 0.973329495 8.661750499 23.144835785 279 The_Tree-216.jpg

280 0.311945465 0.757404463 -0.534167972 0.209028907 0.557112511 8.717365258 23.246770848 280 The_Tree-217.jpg

281 0.326344105 0.793382801 -0.479005365 0.186003003 1.460310709 8.815320124 23.140484672 281 The_Tree-218.jpg

282 0.332727675 0.809766559 -0.450476241 0.175047335 1.290121948 8.777534615 23.101934306 282 The_Tree-219.jpg

283 0.726526537 0.621722944 -0.192805791 0.220103835 -0.374350437 6.395823949 13.312895164 283 The_Tree-22.jpg

284 0.266669983 0.506886459 0.723571554 -0.385223887 0.404189291 11.782281694 18.654097494 284 The_Tree-220.jpg

285 0.713795161 0.692150143 0.071225161 -0.079697072 -0.807429836 9.666335363 22.280280077 285 The_Tree-221.jpg

286 0.292480497 0.710852439 -0.595131493 0.234440772 1.460368786 8.790242015 23.160162622 286 The_Tree-222.jpg

287 0.702383393 0.700990041 -0.090937192 0.083671728 2.173121877 10.941657968 -34.740619028 287 The_Tree-223.jpg

288 0.407941133 0.399207808 -0.580065138 0.581155396 1.079120464 9.839009938 22.567258584 288 The_Tree-224.jpg

289 -0.345349568 -0.385816846 0.646330844 -0.560477900 0.850788604 9.206701496 24.267529003 289 The_Tree-225.jpg

290 -0.244685178 -0.236897396 -0.645036581 0.684058913 0.252165603 9.511737562 21.381509953 290 The_Tree-226.jpg

291 0.442700456 0.434794181 -0.553847858 0.555178239 1.800203855 9.795869153 22.424350283 291 The_Tree-227.jpg

292 0.195359034 0.376820799 0.799725355 -0.424594265 -0.141573886 11.723032053 18.769481561 292 The_Tree-228.jpg

293 0.225730807 0.431818630 0.771058581 -0.409935285 0.355269369 11.774361108 18.696579294 293 The_Tree-229.jpg

294 0.708671455 0.607433637 -0.235044238 0.271225647 -0.098857096 6.448259755 13.205025831 294 The_Tree-23.jpg

295 0.243871322 0.465467862 0.751114170 -0.399617256 0.124635508 11.803905814 18.723159544 295 The_Tree-230.jpg

296 0.260109092 0.495437429 0.731514261 -0.389579133 -0.020731136 11.824607030 18.594522050 296 The_Tree-231.jpg

297 0.210929400 0.405260790 0.785522508 -0.417404922 0.191190792 11.732526817 18.693861334 297 The_Tree-232.jpg

298 0.714479680 0.697066915 0.038167848 -0.046472779 -0.697464409 9.566494864 21.966387713 298 The_Tree-233.jpg

299 0.714281080 0.697282266 0.037808385 -0.046588694 -0.832740989 9.517831197 22.047598863 299 The_Tree-234.jpg

300 0.702928238 0.705513193 -0.069248448 0.057859139 6.249422353 11.010260357 -34.452445246 300 The_Tree-235.jpg

301 -0.262758743 -0.635705055 0.675001364 -0.266852178 0.559693845 8.720337714 23.305424181 301 The_Tree-236.jpg

302 -0.228987186 -0.548732230 0.747267683 -0.296730211 1.255263983 8.998098219 23.085538950 302 The_Tree-237.jpg

303 -0.211926284 -0.507139961 0.776378231 -0.308436625 1.588973089 9.046164893 23.009582957 303 The_Tree-238.jpg

304 -0.173903982 -0.416501357 0.829487714 -0.328989600 0.660045639 8.940408476 23.093360851 304 The_Tree-239.jpg

305 0.642913468 0.564887527 -0.344102779 0.386209310 0.091826669 6.213591184 13.463647857 305 The_Tree-24.jpg

306 0.491673924 0.870631889 0.009636566 -0.012806357 0.057416481 8.431237723 17.009144982 306 The_Tree-240.jpg

307 -0.220078916 -0.527045668 0.762911413 -0.302909741 1.352785820 9.027842660 23.048819454 307 The_Tree-241.jpg

308 -0.247133851 -0.595593678 0.710501090 -0.281746752 1.504070400 9.096004496 22.959846738 308 The_Tree-242.jpg

309 -0.250918894 -0.606142984 0.701742704 -0.277826509 0.329954164 9.275336286 22.773804994 309 The_Tree-243.jpg

310 0.091027198 0.118398044 0.765770488 -0.625532983 -1.315831548 10.171150351 22.978353264 310 The_Tree-244.jpg

311 -0.258979475 -0.626569271 0.683384431 -0.270788295 0.931142029 8.746017554 23.323582792 311 The_Tree-245.jpg

312 -0.488392936 -0.478431979 0.516130265 -0.515930936 0.881244237 9.722643209 22.237313383 312 The_Tree-246.jpg

313 -0.475448010 -0.464468504 0.528360548 -0.528254986 1.432231077 9.811872431 22.341099956 313 The_Tree-247.jpg

314 0.419080575 0.411111149 -0.572031392 0.572834341 1.423110897 9.805706447 22.536241838 314 The_Tree-248.jpg

315 0.211361181 0.353277780 0.776451016 -0.477121663 -0.502181037 7.707653273 19.483952399 315 The_Tree-249.jpg

316 0.663108944 0.568630713 -0.319723278 0.367045863 -0.397898695 6.477202495 13.329788920 316 The_Tree-25.jpg

317 0.292359633 0.487143522 0.702981458 -0.427824851 -1.318747662 7.765475583 19.108836518 317 The_Tree-250.jpg

318 0.344021433 0.572881015 0.635059894 -0.387499068 -1.489545193 8.029544070 18.780837206 318 The_Tree-251.jpg

319 0.439829982 0.729179686 0.446417584 -0.274877996 -1.100472773 8.684190670 17.471026734 319 The_Tree-252.jpg

320 0.458153528 0.758415704 0.394283160 -0.243806796 -1.000675085 8.670743939 17.498365391 320 The_Tree-253.jpg

321 -0.308214587 -0.297726862 -0.621143950 0.656157509 -0.257546560 9.538266746 21.922834583 321 The_Tree-254.jpg

322 0.504280249 0.835121983 0.185924727 -0.117067069 0.412763300 9.150933379 16.528268914 322 The_Tree-255.jpg

323 0.620496195 0.755539682 -0.165639910 0.129258197 -1.299911904 9.676260233 23.084915993 323 The_Tree-256.jpg

324 0.635734260 0.755179331 0.120060067 -0.105506913 -0.775867467 9.959980911 24.164044815 324 The_Tree-257.jpg

325 0.437660559 0.771916669 -0.404734853 0.220879132 1.054265752 8.897542113 16.306001611 325 The_Tree-258.jpg

326 0.158072749 0.294715307 0.826651761 -0.452551390 -0.235980785 11.669361420 19.210857195 326 The_Tree-259.jpg

327 0.663538777 0.568869239 -0.319359550 0.366215180 -0.342683558 6.447654286 13.336473930 327 The_Tree-26.jpg

328 0.302558795 0.574485585 0.671037869 -0.357956235 -0.293704667 11.700289154 18.836352412 328 The_Tree-260.jpg

329 0.511493214 0.845981306 0.127333857 -0.080476149 -0.172158354 9.209080383 16.395192246 329 The_Tree-261.jpg

330 0.490906144 0.867311611 -0.075172472 0.033627779 0.561208827 8.372683109 17.172990110 330 The_Tree-262.jpg

331 0.480710520 0.849483583 0.186571007 -0.111742105 -0.188894022 8.263838658 17.377990559 331 The_Tree-263.jpg

332 0.513045662 0.847415089 0.115377404 -0.073211143 0.351253802 9.241790035 16.402802144 332 The_Tree-264.jpg

333 0.608710149 0.740261602 -0.225621635 0.174870218 -0.084920635 9.733643628 22.943882049 333 The_Tree-265.jpg

334 -0.290708883 -0.507196789 0.708100299 -0.396022385 0.997254677 8.982602285 16.436271399 334 The_Tree-266.jpg

335 -0.029973523 -0.043098825 0.865870317 -0.497506456 0.125439158 7.328341756 19.456606346 335 The_Tree-267.jpg

336 -0.081083842 -0.133335137 0.856345107 -0.492260306 0.558501593 8.902409182 16.777384654 336 The_Tree-268.jpg

337 0.593402337 0.721139153 -0.281218672 0.220789597 -1.001337580 9.731066070 23.025321105 337 The_Tree-269.jpg

338 0.683895267 0.586386287 -0.285194456 0.327265198 -0.057899188 6.484357873 13.339757476 338 The_Tree-27.jpg

339 -0.156825635 -0.264793852 0.825421229 -0.473254404 0.770066705 8.890766542 16.890010224 339 The_Tree-270.jpg

340 -0.187555238 -0.317858265 0.806601943 -0.461716863 0.973041330 9.002229462 16.658448323 340 The_Tree-271.jpg

341 -0.311348259 -0.546014229 0.679314069 -0.378765256 0.508546832 8.890087728 16.509993631 341 The_Tree-272.jpg

342 0.426062167 0.750518423 -0.442597724 0.243516695 1.452977086 8.992823430 16.213532780 342 The_Tree-273.jpg

343 0.459567810 0.810859663 -0.318633804 0.172558782 1.277461591 8.843544045 16.480538184 343 The_Tree-274.jpg

344 0.476035828 0.786863090 0.334175767 -0.206307841 -0.550074633 8.712015004 17.341375168 344 The_Tree-275.jpg

345 0.330501604 0.550870977 0.654414334 -0.398812910 -0.525899396 8.013956177 18.842220995 345 The_Tree-276.jpg

346 0.317707654 0.528442891 0.672513063 -0.409311786 -0.886047842 7.909191736 18.845902950 346 The_Tree-277.jpg

347 -0.320750617 -0.358854111 0.662236360 -0.574269772 -0.060562593 9.242602654 24.162408645 347 The_Tree-278.jpg

348 0.344536894 0.697946841 0.560914622 -0.282027167 -1.061916657 10.718995736 19.432865759 348 The_Tree-279.jpg

349 0.533382541 0.511104391 0.463864745 -0.488983501 -0.022569834 9.531047180 21.238871428 349 The_Tree-28.jpg

350 0.175454180 0.338512701 0.816658416 -0.433236671 0.306454375 11.665114658 18.780293828 350 The_Tree-280.jpg

351 0.173552930 0.333967236 0.818378710 -0.434282803 -0.769877241 11.624476050 18.861225416 351 The_Tree-281.jpg

352 0.118454426 0.222983619 0.849079848 -0.464015373 -0.356987061 11.975957874 18.696409412 352 The_Tree-282.jpg

353 0.088736266 0.169003649 0.861671091 -0.470198440 -0.593859585 11.985054569 18.693576741 353 The_Tree-283.jpg

354 -0.372491216 -0.400073998 0.619777461 -0.563087017 1.029143380 9.315322761 23.827335618 354 The_Tree-284.jpg

355 -0.256280845 -0.284351864 0.698178444 -0.604988434 0.391239241 9.512556444 23.550394686 355 The_Tree-285.jpg

356 -0.210721732 -0.232393790 0.709389131 -0.631154924 0.165713015 9.783603329 23.616611877 356 The_Tree-286.jpg

357 0.395113552 0.656906678 0.547318743 -0.335858735 -1.331434597 7.999613790 18.668420085 357 The_Tree-287.jpg

358 0.468026460 0.774381524 0.362085941 -0.224005043 -1.093314643 8.633519243 17.479646463 358 The_Tree-288.jpg

359 0.497793781 0.825579450 0.224768856 -0.141770536 0.758015553 9.091312976 16.657219438 359 The_Tree-289.jpg

360 0.513212250 0.491816175 0.485290776 -0.509139371 -0.376355145 9.657665947 21.936049807 360 The_Tree-29.jpg

361 0.217383909 0.212818520 -0.667783797 0.679350656 -0.554462140 9.071032116 21.339060913 361 The_Tree-290.jpg

362 -0.251489054 -0.243682286 -0.644587907 0.679616531 0.820159481 9.417579793 21.538050361 362 The_Tree-291.jpg

363 0.248711820 0.412216651 0.746415221 -0.459438984 -1.108338284 7.841989031 19.268372747 363 The_Tree-292.jpg

364 0.363998151 0.605233156 0.604096292 -0.369142037 -1.439554007 8.031413792 18.708984151 364 The_Tree-293.jpg

365 0.515649916 0.854788746 -0.052496791 0.026181090 0.466215395 9.485111425 16.022238573 365 The_Tree-294.jpg

366 0.616917828 0.751072931 -0.185368939 0.144707297 -0.545228415 9.676921785 22.996943370 366 The_Tree-295.jpg

367 -0.277650980 -0.307783438 0.687691108 -0.596037103 -0.454923071 9.457568581 23.824489825 367 The_Tree-296.jpg

368 -0.276491588 -0.267528847 -0.634427835 0.670434217 -0.009403806 9.487062815 21.520425915 368 The_Tree-297.jpg

369 0.429461241 0.712024948 0.472959298 -0.291364066 -1.829186654 8.533926276 17.682167446 369 The_Tree-298.jpg

370 -0.389372173 -0.418858044 0.606189486 -0.552703860 1.320697640 9.436190012 23.608405153 370 The_Tree-299.jpg

371 0.572564908 0.501952547 -0.430649509 0.484514258 0.174587165 6.283497830 13.610311136 371 The_Tree-3.jpg

372 -0.482810458 -0.463472446 -0.512729548 0.537769248 -0.683083501 9.607935808 21.983149121 372 The_Tree-30.jpg

373 0.485639009 0.857415125 0.145418469 -0.088586254 -0.027256727 8.133723717 17.464489236 373 The_Tree-300.jpg

374 0.484609828 0.800738414 0.299512351 -0.185104456 -0.622232208 8.794982899 17.257274044 374 The_Tree-301.jpg

375 0.516052947 0.856295474 0.015609906 -0.014274022 0.627292777 9.505859598 15.890939238 375 The_Tree-302.jpg

376 0.044735466 0.084791238 0.862727744 -0.496497758 1.080200003 8.033313234 18.418145682 376 The_Tree-303.jpg

377 -0.125716036 -0.211305908 0.840677057 -0.482501168 0.595138256 8.995679513 16.653170128 377 The_Tree-304.jpg

378 0.476242429 0.840786901 -0.226976474 0.121458705 0.909483191 8.735467703 16.675179131 378 The_Tree-305.jpg

379 0.486800663 0.860989502 0.125553060 -0.077192108 0.472318455 8.202044073 17.354310393 379 The_Tree-306.jpg

380 0.585340400 0.710759417 -0.306412709 0.241472398 0.336930794 9.801609014 23.149436817 380 The_Tree-307.jpg

381 0.498159456 0.824838048 0.226674337 -0.141767755 -0.096721166 8.967732736 16.892290318 381 The_Tree-308.jpg

382 0.516622483 0.854483745 0.045072657 -0.030449892 0.045980168 9.393493245 16.191575286 382 The_Tree-309.jpg

383 -0.419068012 -0.404550924 -0.560598953 0.588599495 0.752204399 9.578432489 22.027541224 383 The_Tree-31.jpg

384 0.489869329 0.810251304 0.273316847 -0.169760909 -0.572446540 8.932504908 17.049627294 384 The_Tree-310.jpg

385 0.489886732 0.867214444 0.074246385 -0.049371770 0.462524627 8.236823501 17.328174640 385 The_Tree-311.jpg

386 0.068088724 0.135301590 0.871057842 -0.467242594 0.248692497 6.539113772 19.407579882 386 The_Tree-312.jpg

387 0.097340757 0.212169151 0.877572853 -0.418777885 -0.831497685 5.712118502 18.601591990 387 The_Tree-313.jpg

388 0.112669719 0.243985718 0.869034525 -0.415398000 -0.712082245 5.790698215 18.590294026 388 The_Tree-314.jpg

389 0.112392289 0.245006783 0.868701343 -0.415569039 -0.985227060 5.290314766 19.244869665 389 The_Tree-315.jpg

390 -0.029138354 -0.043471912 0.865605517 -0.497984175 0.587648691 8.473800981 17.504978734 390 The_Tree-316.jpg

391 0.536604797 0.650854895 -0.420899274 0.333597061 0.428585909 9.762637797 23.112572291 391 The_Tree-317.jpg

392 0.174388890 0.377130074 0.820614202 -0.392369410 -0.209602854 5.610325789 18.896902862 392 The_Tree-318.jpg

393 0.458401787 0.835579293 0.262869223 -0.150249187 0.081602354 12.118730969 17.864436264 393 The_Tree-319.jpg

394 -0.401930467 -0.387550856 -0.572428334 0.600484834 0.706203893 9.536953921 22.030917449 394 The_Tree-32.jpg

395 0.554460177 0.673438602 -0.383186153 0.303681962 -0.253954987 9.768707676 23.155639012 395 The_Tree-320.jpg

396 0.040496917 0.075648124 0.863763442 -0.496538093 0.068226935 8.006225869 18.434427611 396 The_Tree-321.jpg

397 0.027409600 0.054019826 0.865285084 -0.497606568 -0.339156074 7.791627899 18.780841980 397 The_Tree-322.jpg

398 0.423378335 0.744602119 -0.452305888 0.248471033 1.169737277 8.812513810 16.600009591 398 The_Tree-323.jpg

399 0.390280882 0.685958022 -0.536722861 0.298447643 0.849330472 8.847733582 16.596530538 399 The_Tree-324.jpg

400 -0.344898695 -0.605177886 0.626747000 -0.349274697 0.298288473 8.838289881 16.565250554 400 The_Tree-325.jpg

401 -0.241197906 -0.419345960 0.763934750 -0.427055307 0.752810129 8.813441075 16.661068371 401 The_Tree-326.jpg

402 -0.102890822 -0.170842129 0.849959105 -0.487643276 0.558771836 8.819108155 16.980310301 402 The_Tree-327.jpg

403 -0.060627795 -0.097600299 0.861154884 -0.495187559 0.832032545 8.960916621 16.706615188 403 The_Tree-328.jpg

404 -0.002282455 0.003774958 0.867193104 -0.497952468 0.494946505 7.390293887 19.310707008 404 The_Tree-329.jpg

405 -0.371672674 -0.358531346 -0.591096747 0.619612244 0.766314562 9.526156427 21.827301518 405 The_Tree-33.jpg

406 -0.002595493 0.003744776 0.867598387 -0.497244687 0.584059896 7.899670810 18.431278722 406 The_Tree-330.jpg

407 -0.337315031 -0.591853268 0.639387527 -0.356527516 0.066842757 8.759798454 16.656771473 407 The_Tree-331.jpg

408 0.487141708 0.861006895 -0.130574961 0.065652594 0.129190193 8.543050659 16.959594471 408 The_Tree-332.jpg

409 0.484379628 0.857553846 -0.153634854 0.079838020 0.637757048 8.747075845 16.635589507 409 The_Tree-333.jpg

410 0.514223700 0.851858801 -0.087867057 0.046796903 0.600085294 9.458230703 16.006843348 410 The_Tree-334.jpg

411 0.516598414 0.854499716 0.044494649 -0.031249635 0.002274206 9.405405929 16.093185225 411 The_Tree-335.jpg

412 0.446173655 0.740176076 0.428216158 -0.264006377 -0.773931549 8.664016692 17.465710474 412 The_Tree-336.jpg

413 0.297006449 0.579573662 0.673338949 -0.349994570 -1.551293218 9.392374815 19.220471295 413 The_Tree-337.jpg

414 -0.335917608 -0.401317670 0.662649136 -0.535723446 0.854662681 10.078580705 22.888581633 414 The_Tree-338.jpg

415 0.077472749 0.157078666 0.875136371 -0.451066069 -0.433923819 9.016615043 19.599693902 415 The_Tree-339.jpg

416 0.102631171 0.084915852 -0.654715282 0.744045725 0.200850079 6.745220334 14.956283636 416 The_Tree-34.jpg

417 0.199247785 0.390843952 0.798274677 -0.412672830 -0.052497121 9.312433657 19.279579632 417 The_Tree-340.jpg

418 0.165462730 0.326734616 0.826845110 -0.426841587 -0.599602277 9.291010068 19.275113737 418 The_Tree-341.jpg

419 0.146752805 0.291162659 0.840153779 -0.433393064 -0.657624593 9.220388468 19.317144937 419 The_Tree-342.jpg

420 0.040767043 0.085614456 0.885183380 -0.455476231 -0.207478802 8.980621323 19.657630786 420 The_Tree-343.jpg

421 0.031320848 0.067144943 0.886827050 -0.456123168 -0.639024678 8.959680658 19.650472362 421 The_Tree-344.jpg

422 -0.003488908 -0.000081865 0.889297190 -0.457316443 -0.249284784 8.970856249 19.626484797 422 The_Tree-345.jpg

423 -0.041549709 -0.073212460 0.886438649 -0.455126443 -0.204750497 8.978969457 19.564833108 423 The_Tree-346.jpg

424 -0.096452711 -0.107981888 0.770864225 -0.620326634 0.598129193 9.997637728 22.729816953 424 The_Tree-347.jpg

425 0.058786890 0.114118949 0.870545832 -0.475048336 0.122471038 11.888426577 18.921856554 425 The_Tree-348.jpg

426 -0.178812456 -0.327825806 0.819832069 -0.434087232 -0.060311761 11.914746213 18.302254898 426 The_Tree-349.jpg

427 0.128636720 0.107574329 -0.651307769 0.740053071 0.367321869 6.721209438 14.725748368 427 The_Tree-35.jpg

428 -0.117102991 -0.210548439 0.857966210 -0.453707203 0.398488582 11.031044477 19.476757957 428 The_Tree-350.jpg

429 -0.104460656 -0.186974744 0.863325425 -0.456943790 0.234410186 11.580357632 18.668212420 429 The_Tree-351.jpg

430 -0.270354438 -0.499967971 0.727652379 -0.384008490 0.623235712 12.159132632 18.006007584 430 The_Tree-352.jpg

431 0.434276112 0.808901805 -0.352198644 0.181764251 0.416465794 12.067757705 17.714278912 431 The_Tree-353.jpg

432 0.467015635 0.873163910 -0.125649956 0.060772284 1.412243159 11.916052549 17.919448895 432 The_Tree-354.jpg

433 0.422732899 0.786314296 -0.400567015 0.206283278 0.560287958 12.078371137 17.790983963 433 The_Tree-355.jpg

434 0.412599570 0.767316218 -0.436327802 0.224956587 0.577365886 12.156421414 17.626488797 434 The_Tree-356.jpg

435 0.390407517 0.725927128 -0.502173791 0.261597514 0.924812104 12.373872099 17.381421552 435 The_Tree-357.jpg

436 0.343188230 0.634146926 -0.613582981 0.321862456 0.941631424 12.139404475 17.870430523 436 The_Tree-358.jpg

437 0.381063131 0.706414498 -0.528690900 0.276143769 1.155353797 12.301263164 17.517861057 437 The_Tree-359.jpg

438 0.140956064 0.117784365 -0.649706824 0.737657966 -0.030657002 6.706681467 14.693090264 438 The_Tree-36.jpg

439 0.363410572 0.673388063 -0.570468972 0.298406476 1.203502823 12.246179134 17.646395658 439 The_Tree-360.jpg

440 -0.015697660 -0.020807701 0.878111888 -0.477744844 0.143807197 11.956109662 18.707834161 440 The_Tree-361.jpg

441 0.466971207 0.875083773 -0.114653487 0.054962354 0.282775982 11.896399190 17.845341031 441 The_Tree-362.jpg

442 -0.195217890 -0.229911384 0.740615251 -0.600432995 -0.069138330 10.120069591 22.732278942 442 The_Tree-363.jpg

443 0.469996169 0.882572024 0.008102300 -0.010226270 0.680799016 11.900156678 17.820771794 443 The_Tree-364.jpg

444 0.467950435 0.879321128 0.075414595 -0.046145243 0.705540980 11.961818206 17.764756654 444 The_Tree-365.jpg

445 0.457448128 0.861250954 0.193154321 -0.108071329 0.403829361 11.825612178 17.814492403 445 The_Tree-366.jpg

446 0.222457900 0.476127564 0.767475256 -0.367146778 -1.297170929 6.108108611 18.320153786 446 The_Tree-367.jpg

447 -0.160499177 -0.327963454 0.840364001 -0.400584988 0.481848439 8.064786076 19.617316149 447 The_Tree-368.jpg

448 0.338820078 0.661091261 0.594207766 -0.308344662 -1.489281907 7.363435919 17.717613907 448 The_Tree-369.jpg

449 0.150768654 0.125948833 -0.647818927 0.736027406 0.322811801 6.725363788 14.603637332 449 The_Tree-37.jpg

450 0.307801901 0.624880623 0.642166196 -0.320007459 -1.519001103 7.080772274 17.655631172 450 The_Tree-370.jpg

451 0.515228172 0.624022859 -0.459031820 0.366640410 -0.864044228 9.866695800 22.865543196 451 The_Tree-371.jpg

452 0.255131860 0.541232926 0.722731556 -0.345881124 -1.219675865 6.658355085 17.595285189 452 The_Tree-372.jpg

453 0.263641964 0.537896861 0.716715200 -0.357042300 -0.912749050 6.429646528 18.535531536 453 The_Tree-373.jpg

454 0.280352678 0.571533727 0.690144238 -0.344169299 -0.811322464 6.765652034 18.080430201 454 The_Tree-374.jpg

455 0.317619265 0.621894494 0.635266630 -0.329850799 -1.469613378 7.191765828 18.016745144 455 The_Tree-375.jpg

456 0.421375769 0.817814473 0.346052691 -0.184036637 -0.085658089 10.113905578 18.407669481 456 The_Tree-376.jpg

457 0.447423363 0.815881091 0.318937359 -0.180081485 0.021509614 12.067472256 17.958005034 457 The_Tree-377.jpg

458 0.449604042 0.819555111 0.308994240 -0.175237511 0.271145371 12.065280749 17.914208171 458 The_Tree-378.jpg

459 0.442790276 0.807035136 0.340136812 -0.192192635 -0.355321197 12.062520386 17.986568748 459 The_Tree-379.jpg

460 -0.156572652 -0.140864847 -0.651045395 0.729233840 -0.254985318 5.281116969 12.084167264 460 The_Tree-38.jpg

461 -0.234905541 -0.278828198 0.723398228 -0.586318366 -0.736402006 10.089653516 23.060427093 461 The_Tree-380.jpg

462 0.414823488 0.805942530 0.373395816 -0.197366859 -0.721517873 10.188515729 18.284658348 462 The_Tree-381.jpg

463 0.404289449 0.785889284 0.414118185 -0.217793948 -0.199607046 10.134677617 18.302042235 463 The_Tree-382.jpg

464 0.375325969 0.730526664 0.505576191 -0.264298931 -0.665353643 9.853842200 18.622853246 464 The_Tree-383.jpg

465 0.400860250 0.779805081 0.425661064 -0.223668850 -0.712794342 10.037836412 18.417557418 465 The_Tree-384.jpg

466 0.390503541 0.760388236 0.459566016 -0.241072170 -0.689877870 9.878392872 18.574618604 466 The_Tree-385.jpg

467 0.336109535 0.655694232 0.599674752 -0.312226916 -1.282106680 9.625254786 18.927565724 467 The_Tree-386.jpg

468 0.361767184 0.705809150 0.539914750 -0.281868783 -1.429524280 9.775894721 18.763029272 468 The_Tree-387.jpg

469 0.321150315 0.626351609 0.629918990 -0.328250213 -1.297849630 9.475850099 19.190283456 469 The_Tree-388.jpg

470 -0.028863362 -0.042350478 0.865830319 -0.497705939 0.401126123 8.000809763 18.320287266 470 The_Tree-389.jpg

471 0.155967222 0.130986115 -0.646971005 0.734809759 1.025588649 6.716876603 14.680293693 471 The_Tree-39.jpg

472 0.244048840 0.518941026 0.738948756 -0.353687874 -1.172695401 6.380086820 17.960117583 472 The_Tree-390.jpg

473 0.164247537 0.355616596 0.829756118 -0.397573098 -0.965908179 4.901513462 19.813355228 473 The_Tree-391.jpg

474 0.112168703 0.245134657 0.868763335 -0.415424422 0.077859279 5.423666659 19.116372335 474 The_Tree-392.jpg

475 0.151593685 0.327409851 0.841484292 -0.402152124 -0.267486138 5.629047970 18.903940479 475 The_Tree-393.jpg

476 0.465155987 0.824160662 0.278894547 -0.163116349 0.048422679 8.366773709 17.086164181 476 The_Tree-394.jpg

477 0.272073865 0.454647776 0.724707099 -0.440534713 -1.518503087 7.719361037 19.172598080 477 The_Tree-395.jpg

478 0.634867662 0.758845051 -0.114783055 0.089006127 -1.195188952 10.208314896 22.720218259 478 The_Tree-396.jpg

479 0.491932157 0.870595333 -0.007628399 -0.002885359 0.552640681 8.427585198 16.976821350 479 The_Tree-397.jpg

480 0.410707456 0.722034461 -0.487365383 0.269185079 1.056536356 8.902998367 16.538632218 480 The_Tree-398.jpg

481 -0.257515328 -0.448563647 0.747091228 -0.417529888 0.771127552 8.965892516 16.404634118 481 The_Tree-399.jpg

482 0.600517024 0.526625507 -0.399152197 0.450247047 0.276384495 6.270635421 13.491162306 482 The_Tree-4.jpg

483 0.192381588 0.165221724 -0.643083870 0.722588571 0.645346381 6.477756079 14.394337544 483 The_Tree-40.jpg

484 -0.233051563 -0.405515097 0.771408107 -0.431478861 1.530221116 8.917846082 16.401783894 484 The_Tree-400.jpg

485 0.461668484 0.867263678 0.162118155 -0.091834785 0.291652343 11.895091445 17.824922881 485 The_Tree-401.jpg

486 0.071922507 0.132314611 0.856769363 -0.493220291 0.258079134 8.052975536 18.355539034 486 The_Tree-402.jpg

487 0.464736089 0.873238689 0.126908791 -0.073271539 0.627581299 11.949722386 17.782070703 487 The_Tree-403.jpg

488 -0.163043390 -0.191362114 0.751402460 -0.610075190 0.101086705 10.087625203 22.803182283 488 The_Tree-404.jpg

489 0.028438364 0.059840505 0.876157879 -0.477449206 -0.348683007 11.914660793 18.795989906 489 The_Tree-405.jpg

490 0.469984189 0.881249061 -0.046561252 0.018628060 0.383637051 11.921546469 17.801944549 490 The_Tree-406.jpg

491 0.470019532 0.881214785 -0.046815139 0.018721263 0.352711194 11.938654098 17.756603146 491 The_Tree-407.jpg

492 0.422148853 0.787403295 0.394538941 -0.214768295 -0.530221274 8.258377344 17.192550336 492 The_Tree-408.jpg

493 0.449203401 0.835874330 0.276563033 -0.151800192 -0.008666682 8.526106519 16.747952761 493 The_Tree-409.jpg

494 0.176725901 0.151320003 -0.646550218 0.726528064 0.369040968 6.531640458 14.558743718 494 The_Tree-41.jpg

495 0.407765722 0.761522028 0.442481664 -0.240876097 -0.537233792 8.240562730 17.183511245 495 The_Tree-410.jpg

496 0.356066595 0.692571380 0.556445745 -0.289706050 -0.906958354 8.283802778 16.516282643 496 The_Tree-411.jpg

497 0.400356846 0.747292368 0.466022155 -0.253163710 -1.009504688 8.146961872 17.318315365 497 The_Tree-412.jpg

498 0.197179751 0.424419672 0.797280322 -0.381224575 -0.911812142 5.891096108 18.565055936 498 The_Tree-413.jpg

499 0.417896998 0.872619791 -0.229953083 0.104968466 0.028117124 8.274047503 19.022328150 499 The_Tree-414.jpg

500 0.404829156 0.843652636 -0.320770244 0.146526567 1.121601268 9.153159834 18.029529563 500 The_Tree-415.jpg

501 0.398579194 0.830800630 -0.352585970 0.163058498 1.390134517 9.102987419 18.096685420 501 The_Tree-416.jpg

502 0.417951081 0.872043368 -0.231593719 0.105932088 0.624100214 8.216152978 19.155510270 502 The_Tree-417.jpg

503 0.419094177 0.871600542 -0.231032175 0.106285940 0.596668620 8.859834739 18.382773829 503 The_Tree-418.jpg

504 0.463001831 0.559280886 -0.534464086 0.432645739 0.505814967 10.028423919 22.782968526 504 The_Tree-419.jpg

505 0.154977297 0.132160753 -0.651232098 0.731035107 0.242586206 6.531614597 14.728662282 505 The_Tree-42.jpg

506 0.431192386 0.898721214 -0.073869786 0.030274731 1.115476764 9.120297052 18.006343387 506 The_Tree-420.jpg

507 0.430824637 0.901882072 0.026725280 -0.016870681 0.286544163 9.317322301 17.792879556 507 The_Tree-421.jpg

508 0.391070228 0.814349525 -0.388733582 0.181066647 1.334047486 9.088342702 18.150418015 508 The_Tree-422.jpg

509 -0.432093667 -0.521634740 0.570865975 -0.464008944 -0.117887138 10.063925448 22.925486742 509 The_Tree-423.jpg

510 0.469155339 0.872047389 0.121460117 -0.068367101 0.746699062 8.536787203 16.719743905 510 The_Tree-424.jpg

511 0.448566163 0.836000892 0.276488818 -0.153117076 -0.228631808 9.309988118 15.399419376 511 The_Tree-425.jpg

512 0.455933270 0.848927480 0.233327316 -0.130404561 -0.326250559 8.459195392 16.897081763 512 The_Tree-426.jpg

513 0.455739592 0.848673364 0.234678473 -0.130311011 -0.194313270 9.239789109 15.553287852 513 The_Tree-427.jpg

514 0.479797206 0.581089201 -0.511173768 0.413317506 0.137582484 10.022785862 22.761333405 514 The_Tree-428.jpg

515 0.316171239 0.653482296 -0.621621820 0.294249807 0.860330868 8.455345468 19.025804791 515 The_Tree-429.jpg

516 -0.172359019 -0.153599458 -0.648161104 0.725662979 0.208257865 5.261916941 11.958657342 516 The_Tree-43.jpg

517 -0.261458570 -0.538284729 0.723373133 -0.344412946 1.217466726 8.154355649 19.474651326 517 The_Tree-430.jpg

518 -0.300311301 -0.619816401 0.655083661 -0.310654387 0.948415319 8.383456795 19.120868240 518 The_Tree-431.jpg

519 0.358727958 0.745461235 -0.508420813 0.238977147 1.144103882 8.781977123 18.490547676 519 The_Tree-432.jpg

520 0.372191876 0.773729560 -0.464185404 0.217595234 1.279235576 8.928681459 18.359938372 520 The_Tree-433.jpg

521 -0.413976624 -0.499547419 0.590488295 -0.479999275 2.172871248 10.023847508 23.087414780 521 The_Tree-434.jpg

522 -0.182856554 -0.374192503 0.820774772 -0.390988779 0.724026505 8.035072156 19.604138770 522 The_Tree-435.jpg

523 -0.196888623 -0.403533436 0.806792029 -0.384034190 0.844442536 7.932916507 19.717316954 523 The_Tree-436.jpg

524 -0.131336424 -0.266581132 0.861988002 -0.410684707 0.178521425 7.879013611 19.878500011 524 The_Tree-437.jpg

525 -0.375146863 -0.449155814 0.630209615 -0.510254571 0.241687868 10.041261794 23.157850816 525 The_Tree-438.jpg

526 -0.092764246 -0.186453961 0.882239712 -0.422235487 -0.104371155 9.650128489 17.766796508 526 The_Tree-439.jpg

527 0.027978349 0.020168311 -0.659722826 0.750717153 0.666428693 6.834960607 15.119085743 527 The_Tree-44.jpg

528 -0.071216703 -0.128229204 0.880084736 -0.451593080 -0.785852849 8.781692584 19.842418080 528 The_Tree-440.jpg

529 -0.060392948 -0.109700277 0.882847342 -0.452657830 0.163833040 8.864256538 19.698406274 529 The_Tree-441.jpg

530 0.215110867 0.421598467 0.782171626 -0.405203153 -0.193542785 9.245464109 19.370844963 530 The_Tree-442.jpg

531 0.224556734 0.440018941 0.772102177 -0.399769725 -0.255233359 9.308592075 19.266388929 531 The_Tree-443.jpg

532 0.263151785 0.514402423 0.724541767 -0.375739955 -1.331413678 9.358801595 19.208386035 532 The_Tree-444.jpg

533 -0.294761900 -0.351347258 0.691469062 -0.558158636 1.474131339 9.985317883 23.142107764 533 The_Tree-445.jpg

534 0.095453272 0.190786537 0.868411358 -0.447605724 -0.645524994 9.106383024 19.500582210 534 The_Tree-446.jpg

535 0.120090350 0.238242260 0.856573320 -0.441702479 -1.099825318 9.119679839 19.502451136 535 The_Tree-447.jpg

536 0.169249423 0.333606860 0.824052672 -0.425438938 0.137837192 9.289560131 19.275631630 536 The_Tree-448.jpg

537 0.122613971 0.243746247 0.854999614 -0.441054692 -0.217871010 9.102959998 19.497151162 537 The_Tree-449.jpg

538 0.040900203 0.032273796 -0.659468966 0.749924169 -0.478717229 6.782506266 15.052880376 538 The_Tree-45.jpg

539 0.064952108 0.133794708 0.879148166 -0.452745736 -0.591654140 9.054509372 19.575357901 539 The_Tree-450.jpg

540 -0.031663471 -0.053271781 0.887820569 -0.455998003 0.124648368 8.949865144 19.615816696 540 The_Tree-451.jpg

541 0.029442796 0.061606865 0.876203475 -0.477079853 0.504557148 11.947948802 18.717959197 541 The_Tree-452.jpg

542 0.642951214 0.762158814 0.056759529 -0.050060308 -0.954860458 10.107133760 23.517204828 542 The_Tree-453.jpg

543 -0.135350061 -0.155589214 0.758932355 -0.617652036 0.867925226 10.210642085 22.704794913 543 The_Tree-454.jpg

544 -0.141864557 -0.256305946 0.845206049 -0.446999378 0.591429034 10.947784172 19.596289665 544 The_Tree-455.jpg

545 -0.045058002 -0.074296198 0.875486822 -0.475365834 0.404472842 11.983039488 18.528077610 545 The_Tree-456.jpg

546 -0.223523797 -0.409850705 0.781990037 -0.412978322 0.578186577 11.963499715 18.364937256 546 The_Tree-457.jpg

547 0.458078645 0.855373944 -0.216018695 0.108790141 0.084488551 12.288078323 17.419710055 547 The_Tree-458.jpg

548 0.447116851 0.834211073 -0.287423524 0.146854095 0.402394381 12.103796170 17.617401846 548 The_Tree-459.jpg

549 0.075866124 0.061946116 -0.657274601 0.747259734 -0.189950752 6.750526902 15.023845266 549 The_Tree-46.jpg

550 0.401493728 0.745761532 -0.472084656 0.244496628 0.607819434 12.265061127 17.516881833 550 The_Tree-460.jpg

551 0.396668297 0.737580348 -0.484897126 0.252000534 0.563145247 12.380772040 17.332920653 551 The_Tree-461.jpg

552 -0.054214352 -0.093704711 0.878280523 -0.465729057 -0.481758477 11.615032762 18.653925139 552 The_Tree-462.jpg

553 -0.336442471 -0.621799597 0.626212099 -0.328679376 1.305995597 12.155277559 17.827070431 553 The_Tree-463.jpg

554 -0.317899478 -0.587257783 0.659014019 -0.346076208 1.098352306 12.163674771 17.871864817 554 The_Tree-464.jpg

555 -0.286481698 -0.529371903 0.706630663 -0.371976788 0.357727679 12.119561557 17.932132371 555 The_Tree-465.jpg

556 0.453966229 0.855765180 0.216699456 -0.120921316 -0.087528119 11.816594363 17.854457756 556 The_Tree-466.jpg

557 0.122068904 0.267727282 0.862041825 -0.412680479 -0.338928481 5.114257979 19.424228356 557 The_Tree-467.jpg

558 0.164424360 0.354320406 0.830249573 -0.397627120 -0.628987575 5.711769899 18.855674869 558 The_Tree-468.jpg

559 0.431136482 0.803774732 0.359987557 -0.196154208 -0.354896522 8.171079756 17.263322432 559 The_Tree-469.jpg

560 -0.146333025 -0.141761923 -0.673015931 0.711013192 1.351746319 9.414018588 21.063436971 560 The_Tree-47.jpg

561 0.449790133 0.836064487 0.275725782 -0.150533397 0.077791738 8.179512055 17.217991894 561 The_Tree-470.jpg

562 0.443235779 0.824483359 0.308789116 -0.168577925 -0.712855722 8.154258318 17.233283724 562 The_Tree-471.jpg

563 0.496841468 0.601292999 -0.487998398 0.391730583 -0.360142547 10.016294927 22.764057955 563 The_Tree-472.jpg

564 0.367563336 0.686654587 0.550978795 -0.299708257 -1.212302189 8.003214906 17.566410808 564 The_Tree-473.jpg

565 0.383609104 0.717599719 0.510595305 -0.277825725 -0.812075563 8.048423839 17.399377981 565 The_Tree-474.jpg

566 0.339151558 0.661740302 0.593450619 -0.308046030 -1.561569418 8.284037608 16.485578142 566 The_Tree-475.jpg

567 0.415577824 0.863071196 -0.260957826 0.119600148 0.966934902 9.631320704 17.389737840 567 The_Tree-476.jpg

568 0.410374310 0.853139649 -0.292892582 0.134013434 0.868576717 9.008347246 18.211470488 568 The_Tree-477.jpg

569 0.415792720 0.862516786 -0.262323811 0.119864198 0.741999362 9.036637209 18.133925787 569 The_Tree-478.jpg

570 0.419251347 0.871392206 -0.231815380 0.105667216 0.160740480 9.798592361 17.193495366 570 The_Tree-479.jpg

571 -0.325839040 -0.311896737 -0.613274822 0.648416022 0.015905115 9.627935930 21.710299948 571 The_Tree-48.jpg

572 0.426217329 0.889478442 -0.150739645 0.066666696 0.529184636 8.123166860 19.253868441 572 The_Tree-480.jpg

573 0.426441475 0.889388407 -0.150443576 0.067101859 0.554799233 8.945799066 18.189545205 573 The_Tree-481.jpg

574 0.426590472 0.889630114 -0.148865354 0.066467556 0.654653344 9.219685182 17.881517654 574 The_Tree-482.jpg

575 0.431673591 0.901919957 -0.014010485 0.001417171 0.917351827 9.287922885 17.809748286 575 The_Tree-483.jpg

576 0.427703487 0.895508638 0.109652982 -0.055769435 0.868512042 9.306668215 17.786690981 576 The_Tree-484.jpg

577 0.431518917 0.902058869 0.005283779 -0.007300917 0.600669341 9.308143660 17.807956712 577 The_Tree-485.jpg

578 0.461913235 0.860342192 0.188195020 -0.105024334 0.645830902 8.549390585 16.660070946 578 The_Tree-486.jpg

579 0.459006382 0.853778124 0.214762658 -0.119386167 0.302597568 8.559602091 16.714957909 579 The_Tree-487.jpg

580 0.640283910 0.759952490 0.083614377 -0.074278957 -0.944979688 9.939926468 24.068332171 580 The_Tree-488.jpg

581 0.380514178 0.791673986 -0.433017083 0.202379509 0.979970393 8.983979974 18.260165964 581 The_Tree-489.jpg

582 -0.365080642 -0.349268033 -0.592741765 0.627204246 -0.379589227 9.650522608 21.588933804 582 The_Tree-49.jpg

583 0.308954782 0.639188035 -0.636444627 0.301535795 1.107594223 8.403954143 19.095247873 583 The_Tree-490.jpg

584 -0.276215289 -0.569531804 0.699131846 -0.332495565 0.238122583 8.283376212 19.244530054 584 The_Tree-491.jpg

585 0.327583586 0.679255974 -0.593682546 0.280787020 1.229274564 8.550804409 18.818873373 585 The_Tree-492.jpg

586 0.345068085 0.716570776 -0.548255673 0.258592452 1.204007060 8.675636895 18.605525713 586 The_Tree-493.jpg

587 -0.236967417 -0.487526195 0.758958566 -0.360758295 0.836830774 8.076289037 19.549917681 587 The_Tree-494.jpg

588 -0.244846049 -0.503396379 0.748472363 -0.355572243 0.815745176 8.062549085 19.609122386 588 The_Tree-495.jpg

589 -0.217451438 -0.446578564 0.783922839 -0.372488175 0.623417415 8.013386287 19.609884261 589 The_Tree-496.jpg

590 -0.109738264 -0.222673439 0.874199908 -0.417311124 0.387181588 7.817595857 19.943628740 590 The_Tree-497.jpg

591 -0.093836625 -0.189567177 0.881791049 -0.421548953 0.343884268 7.783838513 20.035790020 591 The_Tree-498.jpg

592 -0.092717862 -0.186705295 0.882326760 -0.421952627 0.035852550 8.323008216 19.355206417 592 The_Tree-499.jpg

593 0.546647506 0.474125541 -0.454466216 0.519463121 -0.626017467 6.487508931 13.574122052 593 The_Tree-5.jpg

594 -0.341427290 -0.325935481 -0.606289609 0.640004982 0.577864714 9.652392521 21.770714928 594 The_Tree-50.jpg

595 0.739285996 0.660330597 0.088170235 -0.098212670 -0.704007927 9.012857672 19.355231484 595 The_Tree-500.jpg

596 0.603973628 0.757015732 0.190192426 -0.161151729 -1.341479257 9.964876727 23.916415159 596 The_Tree-501.jpg

597 0.764918917 0.621506928 0.108643557 -0.129710318 -0.479807621 9.844947842 16.750736173 597 The_Tree-502.jpg

598 -0.386834447 -0.594703452 0.597593614 -0.373589062 0.538824819 8.984160188 17.213380822 598 The_Tree-503.jpg

599 0.393772566 0.620741630 -0.578294194 0.353834453 0.752266763 8.034826991 18.621710475 599 The_Tree-504.jpg

600 0.721276757 0.585455271 0.235457136 -0.285590445 -0.363971289 10.127240088 17.299284853 600 The_Tree-505.jpg

601 -0.397365029 -0.588770709 0.590540097 -0.383030650 0.764487728 9.055675739 18.262346477 601 The_Tree-506.jpg

602 0.620112478 0.774415913 0.092932788 -0.084285257 -1.568698103 10.087723240 23.669400519 602 The_Tree-507.jpg

603 0.695225441 0.571011949 0.279657381 -0.335259137 -1.900420086 9.899092309 17.273652080 603 The_Tree-508.jpg

604 0.705044522 0.563573403 0.270897156 -0.334532468 -0.951118710 10.186824316 17.017909902 604 The_Tree-509.jpg

605 -0.460100567 -0.442990532 -0.530881877 0.556984102 -0.616209844 9.560217178 22.029616800 605 The_Tree-51.jpg

606 0.718194439 0.586442485 0.239414032 -0.288032776 -2.062781171 9.893184590 17.345788311 606 The_Tree-510.jpg

607 -0.405843609 -0.327530359 -0.541883760 0.659072697 0.363018987 10.463664234 16.805622308 607 The_Tree-511.jpg

608 -0.459664379 -0.372499500 -0.512023834 0.622723354 -0.212600658 10.398122072 16.567440874 608 The_Tree-512.jpg

609 0.608190056 0.793659793 0.003846448 -0.013935360 -1.299555492 9.624772254 22.356235922 609 The_Tree-513.jpg

610 0.527366416 0.845380182 0.066336137 -0.053070972 -0.175447579 8.451478554 17.420170134 610 The_Tree-514.jpg

611 -0.367518458 -0.297156787 -0.559078239 0.681219164 0.837929933 10.458455329 16.792528661 611 The_Tree-515.jpg

612 -0.424362699 -0.344061172 -0.531587590 0.647265667 0.766235767 10.415520578 16.591891411 612 The_Tree-516.jpg

613 -0.475765610 -0.377658195 -0.498976252 0.618097138 0.580670083 10.674142486 16.121512742 613 The_Tree-517.jpg

614 0.728189887 0.621923161 -0.186877978 0.219152213 -0.328401311 9.649387860 17.600491928 614 The_Tree-518.jpg

615 0.619867856 0.774557977 0.092820232 -0.084901033 -1.616595585 10.061458006 23.715390928 615 The_Tree-519.jpg

616 0.207829054 0.179276390 -0.639310831 0.718295706 0.904367374 6.467858291 14.438256614 616 The_Tree-52.jpg

617 0.560832598 0.444880823 0.439057128 -0.542933411 0.035621157 10.645938123 16.047687410 617 The_Tree-520.jpg

618 0.728035769 0.604107936 -0.206472340 0.249773284 -0.636977365 10.088997380 17.169092462 618 The_Tree-521.jpg

619 0.714448298 0.593840313 -0.236035702 0.284963963 0.501611666 10.012571848 16.789905981 619 The_Tree-522.jpg

620 0.673507319 0.559955687 -0.307754561 0.371651248 -0.258694681 9.944766329 16.616192211 620 The_Tree-523.jpg

621 0.596841854 0.508623578 -0.403182858 0.471726022 0.749210010 9.755289776 17.732927339 621 The_Tree-524.jpg

622 0.591609145 0.739834064 0.246238764 -0.204964993 -0.653433939 9.878539907 23.901488228 622 The_Tree-525.jpg

623 0.570112044 0.486571268 -0.428949630 0.504205190 0.410140879 9.736071812 17.832673157 623 The_Tree-526.jpg

624 0.746884005 0.558089694 0.218945002 -0.287686049 -0.492081202 7.621652136 7.266125061 624 The_Tree-527.jpg

625 0.770895760 0.576388722 0.164727387 -0.215315250 -0.739111954 7.576426621 7.173901338 625 The_Tree-528.jpg

626 -0.441765274 -0.322372762 -0.499026334 0.672229100 -0.813916049 8.095571716 8.275890192 626 The_Tree-529.jpg

627 0.248774994 0.216744569 -0.627678072 0.705090797 0.229122182 6.420171223 14.310857227 627 The_Tree-53.jpg

628 -0.316162061 -0.232536331 -0.546652733 0.739688580 -1.113045233 8.254065343 8.723797860 628 The_Tree-530.jpg

629 0.261841349 0.193180895 -0.560994298 0.761186999 1.266794651 8.361335256 8.878465505 629 The_Tree-531.jpg

630 0.690359699 0.520591704 -0.302493055 0.401105616 0.422999148 7.982184694 7.848195665 630 The_Tree-532.jpg

631 0.710542456 0.535087422 -0.275816045 0.364330041 0.867844194 7.900536412 7.790849578 631 The_Tree-533.jpg

632 0.796915412 0.603906861 0.010986553 -0.010080902 -0.382630496 8.414968969 9.236999346 632 The_Tree-534.jpg

633 0.250684995 0.585140017 0.705144942 -0.312312031 -1.091250898 8.707582146 23.995927798 633 The_Tree-535.jpg

634 0.379609251 0.480063186 0.614515103 -0.497802514 -0.953296471 10.000036459 23.144226510 634 The_Tree-536.jpg

635 0.259585821 0.605473038 0.687866687 -0.304724505 -0.080723812 8.838097466 23.879036497 635 The_Tree-537.jpg

636 -0.137286385 -0.290966009 0.867302649 -0.379838577 1.674839228 8.392355233 24.584089981 636 The_Tree-538.jpg

637 -0.112541267 -0.235574599 0.884015204 -0.387757901 1.192663450 8.340841578 24.657538700 637 The_Tree-539.jpg

638 0.238337628 0.207029256 -0.630806154 0.708814262 0.615883852 6.422106058 14.307076227 638 The_Tree-54.jpg

639 -0.086163555 -0.177463986 0.897216997 -0.395074722 1.061816277 8.100192740 25.035304599 639 The_Tree-540.jpg

640 -0.275962562 -0.626921194 0.671134185 -0.283537275 0.814846767 9.298832411 23.177245401 640 The_Tree-541.jpg

641 0.316996666 0.723226314 -0.566343127 0.236034479 1.339390737 9.220684758 23.105577304 641 The_Tree-542.jpg

642 0.298578747 0.680300939 -0.617247305 0.258934606 0.998549623 9.080919309 23.345053976 642 The_Tree-543.jpg

643 0.347284507 0.846100506 -0.377320173 0.145385325 0.625164567 8.851318582 22.763683847 643 The_Tree-544.jpg

644 0.341135708 0.791359231 -0.469571565 0.192040467 0.586850421 9.443131502 22.615542979 644 The_Tree-545.jpg

645 -0.260898075 -0.589163045 0.704107768 -0.298414731 1.951559983 9.084401749 23.442741333 645 The_Tree-546.jpg

646 -0.018194384 -0.027368045 0.914288370 -0.403728536 0.684258557 8.096933460 25.097705412 646 The_Tree-547.jpg

647 0.058608051 0.146396055 0.902359728 -0.401098756 0.068560080 8.239135733 25.009707963 647 The_Tree-548.jpg

648 0.280333744 0.651446757 0.644120074 -0.286599799 -0.904980008 9.004463257 23.775477381 648 The_Tree-549.jpg

649 0.216176085 0.186802479 -0.637324054 0.715675055 0.403363788 6.458197118 14.325780617 649 The_Tree-55.jpg

650 0.294532921 0.684238056 0.609149085 -0.272040500 -1.240028045 8.938288815 23.945578745 650 The_Tree-550.jpg

651 0.338084217 0.802122967 0.449995921 -0.199503081 -1.028658470 9.020025790 23.674211362 651 The_Tree-551.jpg

652 0.795957859 0.604148373 -0.020932533 0.031900769 -0.541733938 8.366403496 9.064648055 652 The_Tree-552.jpg

653 0.433949357 0.554523951 0.555691644 -0.442038391 -0.691291573 9.646731727 23.267511441 653 The_Tree-553.jpg

654 0.637713215 0.480413296 -0.362063079 0.481077173 -0.077208505 8.073071973 7.892409854 654 The_Tree-554.jpg

655 0.659458582 0.496834253 -0.339337078 0.450688863 0.194489192 8.061733017 7.992460494 655 The_Tree-555.jpg

656 0.180022344 0.134274221 -0.578546864 0.784121110 1.037735098 8.300637655 8.708201464 656 The_Tree-556.jpg

657 0.210477768 0.155712865 -0.572902346 0.776682377 0.999297109 8.306741537 8.731250286 657 The_Tree-557.jpg

658 0.591357558 0.432261780 0.406105657 -0.546373671 -1.006651420 8.016035624 7.974101218 658 The_Tree-558.jpg

659 -0.476078365 -0.347948703 -0.481679358 0.648279328 -0.923664641 8.059237000 8.177594770 659 The_Tree-559.jpg

660 0.250729082 0.219118870 -0.626576166 0.704644702 0.081407035 6.446342902 14.246074871 660 The_Tree-56.jpg

661 0.561560763 0.410148573 0.428857324 -0.576635980 -1.454426024 8.075211290 8.125852791 661 The_Tree-560.jpg

662 0.756654567 0.649081966 0.051642817 -0.059156468 -0.695750508 9.667585349 18.617807448 662 The_Tree-561.jpg

663 0.755472812 0.647587826 0.065416931 -0.074909704 -0.652521493 9.707964198 18.751555670 663 The_Tree-562.jpg

664 0.732258186 0.654181256 0.126616287 -0.140759189 -0.646065312 9.068661028 19.672413719 664 The_Tree-563.jpg

665 0.459517045 0.380606110 -0.513729409 0.616494257 0.565782103 9.932790205 16.267575912 665 The_Tree-564.jpg

666 0.640136604 0.768100060 0.009686990 -0.012393072 -0.203119856 9.874073906 23.556838462 666 The_Tree-565.jpg

667 0.778461934 0.623480033 0.045827339 -0.056298491 -0.834830086 10.035295908 16.241654409 667 The_Tree-566.jpg

668 0.745191546 0.605308928 0.178603044 -0.215387127 -1.861379262 10.077782402 17.090059420 668 The_Tree-567.jpg

669 0.718934791 0.587164428 0.237652852 -0.286167473 -0.092290108 9.991631823 17.251870709 669 The_Tree-568.jpg

670 0.761280224 0.618310812 0.125619225 -0.149545884 -1.381866815 9.875959150 16.850341084 670 The_Tree-569.jpg

671 -0.033069277 -0.031339584 -0.677866552 0.733771893 0.209078299 4.859818721 11.973335542 671 The_Tree-57.jpg

672 0.734091396 0.595527339 0.208340454 -0.251100112 -1.334665570 10.139724864 17.244029417 672 The_Tree-570.jpg

673 0.511033819 0.818705842 -0.226853784 0.130776682 0.205522362 8.773870570 16.768718254 673 The_Tree-571.jpg

674 0.505439175 0.808083473 -0.260754691 0.153425328 0.711433644 8.818586570 16.768792517 674 The_Tree-572.jpg

675 -0.032420416 -0.042770256 0.845473094 -0.531314285 0.816825286 8.082523976 19.064363471 675 The_Tree-573.jpg

676 0.639804768 0.766809669 -0.041678711 0.030260122 -1.134735553 9.960430686 23.208145202 676 The_Tree-574.jpg

677 0.523471701 0.839099852 -0.130912979 0.068924653 1.440811833 8.815310769 16.791804286 677 The_Tree-575.jpg

678 0.612530264 0.493864673 0.390898349 -0.477601131 0.086729434 10.187409671 17.160389794 678 The_Tree-576.jpg

679 0.666935509 0.546574225 0.324362845 -0.388898944 -1.449483310 10.052214311 17.934591197 679 The_Tree-577.jpg

680 0.510805899 0.424586465 -0.477621087 0.575049358 -0.462150314 10.133685786 16.815227899 680 The_Tree-578.jpg

681 -0.363352281 -0.293801858 -0.560667630 0.683598857 -0.612341657 10.483096627 16.915633052 681 The_Tree-579.jpg

682 0.625973801 0.549565456 -0.367645971 0.413486456 -0.154115044 6.231958846 13.471264953 682 The_Tree-58.jpg

683 -0.326853470 -0.264153914 -0.575538661 0.701530305 0.087835004 10.494682621 16.914408646 683 The_Tree-580.jpg

684 -0.289941613 -0.233983720 -0.588516930 0.717518852 0.389253310 10.498050016 16.935705174 684 The_Tree-581.jpg

685 -0.257026808 -0.205551213 -0.598451579 0.730439338 -0.564000748 10.360736524 16.420400275 685 The_Tree-582.jpg

686 0.540269989 0.428629332 0.455425994 -0.563003018 -0.566322612 10.652472327 16.094739383 686 The_Tree-583.jpg

687 -0.289399865 -0.232588987 -0.588833467 0.717931215 -0.676668866 10.299349424 15.920799630 687 The_Tree-584.jpg

688 0.542140299 0.463060810 -0.454125507 0.534255188 -0.846433545 9.715703561 17.601061998 688 The_Tree-585.jpg

689 0.629163447 0.521628663 -0.366728801 0.444484962 0.313551360 10.103403057 16.696421581 689 The_Tree-586.jpg

690 0.064915141 0.058445426 -0.635232873 0.767365202 -1.324196867 10.235113477 17.125936496 690 The_Tree-587.jpg

691 0.046985655 0.042947362 -0.636368174 0.768754460 -1.212268795 10.242722630 17.044585422 691 The_Tree-588.jpg

692 0.718164008 0.596477891 -0.228377706 0.276221298 -0.908656285 10.027147137 16.874877370 692 The_Tree-589.jpg

693 0.613960844 0.538481959 -0.382819166 0.431901319 0.169235501 6.258511779 13.510194813 693 The_Tree-59.jpg

694 0.698928852 0.581093149 -0.266017187 0.321035930 -0.008429638 9.952794940 16.691271777 694 The_Tree-590.jpg

695 0.652442524 0.541053689 -0.338430258 0.408710924 0.608331736 10.035164759 16.594518133 695 The_Tree-591.jpg

696 0.619117398 0.512945803 -0.379082001 0.458123442 0.979798992 10.087351738 16.663487941 696 The_Tree-592.jpg

697 0.743307464 0.555139399 0.226024988 -0.297030246 -0.710073575 7.637555281 7.335072921 697 The_Tree-593.jpg

698 0.779251515 0.583147018 0.139746377 -0.182147145 -0.984039518 7.559205754 7.090398118 698 The_Tree-594.jpg

699 0.788137491 0.590290582 0.106528192 -0.138014742 -0.965811525 7.518986142 6.940763942 699 The_Tree-595.jpg

700 0.728856012 0.649487347 0.144962985 -0.160999482 -1.460372077 9.209214328 20.009147946 700 The_Tree-596.jpg

701 0.568566067 0.713170224 0.315850400 -0.261456275 -1.393014088 9.895766960 24.046605707 701 The_Tree-597.jpg

702 -0.343676375 -0.251736534 -0.537886880 0.727456508 -1.119082642 8.188982676 8.581468140 702 The_Tree-598.jpg

703 0.531651297 0.666606588 0.404397523 -0.330825027 -0.646821270 9.872979149 23.995317305 703 The_Tree-599.jpg

704 0.600402441 0.526336908 -0.400108163 0.449888681 0.248940340 6.234931242 13.450302434 704 The_Tree-6.jpg

705 0.453003308 0.400759538 -0.529479413 0.594837245 0.588542351 6.195566983 13.059181762 705 The_Tree-60.jpg

706 -0.424821560 -0.309893312 -0.506917752 0.683027942 -1.048673433 8.168193144 8.378209975 706 The_Tree-600.jpg

707 -0.385018094 -0.281190752 -0.523479099 0.706160365 -1.215101460 8.235934835 8.639813469 707 The_Tree-601.jpg

708 0.359404348 0.266129762 -0.530703174 0.719970559 0.990209845 8.024181488 7.794620331 708 The_Tree-602.jpg

709 0.390394238 0.288135702 -0.519248186 0.703527880 1.167127589 7.970583951 7.668545945 709 The_Tree-603.jpg

710 0.282818579 0.209469760 -0.554776606 0.753895874 1.489237749 8.103072018 7.965373893 710 The_Tree-604.jpg

711 0.718207669 0.541558133 -0.264385727 0.347840077 -0.007222446 7.928600921 7.965711240 711 The_Tree-605.jpg

712 0.480233453 0.605416110 0.492427358 -0.400452821 -1.579193175 9.905059475 23.397891133 712 The_Tree-606.jpg

713 0.782729950 0.616047857 0.055461913 -0.068868274 -1.223094627 8.132978425 9.992720032 713 The_Tree-607.jpg

714 0.794037832 0.601378070 0.053668446 -0.070484304 -1.244306859 8.360043471 9.176065435 714 The_Tree-608.jpg

715 0.796640623 0.604008665 -0.012561336 0.019479795 -0.316729153 8.367138506 9.232450557 715 The_Tree-609.jpg

716 0.358131723 0.314813404 -0.585351615 0.655742081 0.546822978 6.326803174 13.457608152 716 The_Tree-61.jpg

717 0.795346956 0.602809031 0.038544720 -0.050584539 -0.275098943 8.384892955 9.275921864 717 The_Tree-610.jpg

718 0.226400331 0.521789541 0.750791273 -0.335843757 -1.803383326 8.886769198 24.134467334 718 The_Tree-611.jpg

719 0.242204298 0.564438457 0.721884950 -0.318792135 -0.930228414 8.624754085 24.185407974 719 The_Tree-612.jpg

720 -0.066144607 -0.131656071 0.905069439 -0.398924655 0.587820810 8.086857907 25.147282420 720 The_Tree-613.jpg

721 -0.141784684 -0.301361692 0.863252310 -0.379306845 0.749743893 8.458590606 24.572690265 721 The_Tree-614.jpg

722 0.291072047 0.662934080 -0.635751269 0.267611273 1.257850715 9.378163439 23.058061634 722 The_Tree-615.jpg

723 0.353174173 0.821450367 -0.414690043 0.168877077 0.776093919 9.561358037 22.465227552 723 The_Tree-616.jpg

724 -0.269323663 -0.610136688 0.686120309 -0.290580295 1.574462693 9.208449161 23.291932514 724 The_Tree-617.jpg

725 -0.031987971 -0.056042527 0.912999595 -0.402824706 0.144176952 8.046213551 25.168790873 725 The_Tree-618.jpg

726 0.043632130 0.112908462 0.907285220 -0.402717575 -0.357174664 8.227142943 25.047492000 726 The_Tree-619.jpg

727 0.370698332 0.325047513 -0.579223698 0.649173913 0.167360039 6.282945189 13.393340373 727 The_Tree-62.jpg

728 0.002259943 0.018209340 0.914227593 -0.404785402 0.888626870 8.148019999 25.058725159 728 The_Tree-620.jpg

729 0.336210418 0.426831802 0.652909554 -0.527717995 0.534391099 9.921488003 23.365204864 729 The_Tree-621.jpg

730 0.317558171 0.756109286 0.523790043 -0.230433387 0.022111954 8.899422826 23.705090097 730 The_Tree-622.jpg

731 0.305484706 0.729338933 0.560610117 -0.245886380 -1.077927237 8.730269007 23.835160114 731 The_Tree-623.jpg

732 0.306306299 0.712100058 0.576574764 -0.258169519 -1.457301049 9.001680061 23.881979673 732 The_Tree-624.jpg

733 0.794314102 0.603497190 -0.040525260 0.056691723 0.050565183 8.312266182 8.935596256 733 The_Tree-625.jpg

734 0.348460862 0.825178453 0.405995513 -0.181171722 -0.302865617 8.976645628 23.798706089 734 The_Tree-626.jpg

735 0.350603667 0.832140446 0.392038113 -0.175856375 -0.033914111 9.134557386 23.452999681 735 The_Tree-627.jpg

736 0.784047855 0.597030067 -0.102113618 0.135635062 -0.150045318 8.247728812 8.723225528 736 The_Tree-628.jpg

737 0.790118896 0.600978759 -0.071980576 0.096723615 0.198806653 8.275556648 8.800527820 737 The_Tree-629.jpg

738 0.403879222 0.356126014 -0.561060756 0.628702366 0.627269498 6.261541502 13.344067925 738 The_Tree-63.jpg

739 0.614251629 0.462579934 -0.384415886 0.510822051 0.433858979 8.064507200 7.916360635 739 The_Tree-630.jpg

740 0.639034263 0.480840755 -0.361038454 0.479665105 0.769506753 7.991796553 7.785994663 740 The_Tree-631.jpg

741 0.135588408 0.101630657 -0.585330434 0.792890457 0.877065210 8.294477245 8.747561954 741 The_Tree-632.jpg

742 0.512515615 0.643277673 0.440510274 -0.359822566 -0.363369630 9.887318535 23.780941202 742 The_Tree-633.jpg

743 0.091488661 0.070737367 -0.590029449 0.799056506 0.856121085 8.372849875 8.909721244 743 The_Tree-634.jpg

744 0.041295226 0.034210453 -0.593336985 0.803165968 0.406324810 8.392692818 8.977138662 744 The_Tree-635.jpg

745 0.614160237 0.449709510 0.386628702 -0.520659973 -1.142712716 7.948583549 7.846269586 745 The_Tree-636.jpg

746 0.649810749 0.476315127 0.353216451 -0.475508179 -1.302206362 7.922737201 7.728759431 746 The_Tree-637.jpg

747 0.732162741 0.653214080 0.129355954 -0.143234506 -1.421608921 9.108841936 19.832638341 747 The_Tree-638.jpg

748 0.758821529 0.650329027 0.024463085 -0.025760483 -1.075875676 9.661348473 18.390252106 748 The_Tree-639.jpg

749 0.431038251 0.381203483 -0.544053444 0.610651932 0.348681314 6.212969029 13.182031468 749 The_Tree-64.jpg

750 0.759078161 0.650772960 0.012705173 -0.011553307 0.226964447 9.639486706 18.246331524 750 The_Tree-640.jpg

751 0.496770807 0.412975351 -0.488004903 0.586959402 -0.291938920 10.016467285 16.616820385 751 The_Tree-641.jpg

752 0.468149106 0.389688937 -0.506884009 0.609957005 -0.152398101 9.962018654 16.442791344 752 The_Tree-642.jpg

753 0.443592259 0.401183197 -0.540140319 0.592052689 0.383589149 8.024819954 13.483570962 753 The_Tree-643.jpg

754 0.418429490 0.377805439 -0.555561856 0.611171692 0.532244803 8.165646336 13.825793347 754 The_Tree-644.jpg

755 0.776592192 0.621226452 0.067111307 -0.080488103 -1.061222660 10.087719387 16.404717065 755 The_Tree-645.jpg

756 0.745966023 0.605967902 0.176693399 -0.212407715 -0.491797083 10.017448621 16.955222798 756 The_Tree-646.jpg

757 0.459045503 0.728379786 -0.435250186 0.263243974 1.001562787 8.668706302 17.306824083 757 The_Tree-647.jpg

758 0.474511120 0.754427330 -0.388158869 0.234544863 0.271090297 8.774474979 17.081857782 758 The_Tree-648.jpg

759 0.494364367 0.787790867 -0.315159281 0.188849280 1.025956247 8.858027119 16.931073980 759 The_Tree-649.jpg

760 0.535852515 0.463856076 -0.465347925 0.530236676 0.395064009 6.537991375 13.671813057 760 The_Tree-65.jpg

761 0.404707919 0.641395217 -0.555676363 0.340657387 1.018633131 8.368414772 17.989755866 761 The_Tree-650.jpg

762 0.426920150 0.676360476 -0.512335723 0.312710406 0.982469257 8.509742451 17.744972993 762 The_Tree-651.jpg

763 0.639279978 0.765783022 -0.056517770 0.041270023 -0.207714290 10.005703597 23.055349230 763 The_Tree-652.jpg

764 0.608836701 0.498703541 0.394293923 -0.474494417 -0.301230082 10.090924352 18.085323008 764 The_Tree-653.jpg

765 0.633667819 0.519105379 0.366862881 -0.440915329 -0.885417468 10.074802378 17.993938343 765 The_Tree-654.jpg

766 0.682757340 0.561015776 0.299274307 -0.359914717 -1.690140121 9.964436967 17.683096615 766 The_Tree-655.jpg

767 0.023381673 0.022598579 -0.642935449 0.765229776 -0.640488605 9.936653216 16.706910979 767 The_Tree-656.jpg

768 0.614677925 0.767962272 0.135660838 -0.118326389 -0.960806425 10.046943078 23.623165068 768 The_Tree-657.jpg

769 0.506632787 0.401961610 0.479396936 -0.593235755 0.019766570 10.702661897 16.081006763 769 The_Tree-658.jpg

770 0.767651557 0.621334736 -0.097833601 0.122812131 0.186175560 9.993017706 16.511993167 770 The_Tree-659.jpg

771 0.353269310 0.310796386 -0.586674754 0.659104798 0.983403163 6.320424988 13.381635484 771 The_Tree-66.jpg

772 0.163739505 0.425422673 0.825440773 -0.332945120 -0.163530571 9.827429558 22.539145495 772 The_Tree-67.jpg

773 0.212817501 0.646917216 0.692602174 -0.237716334 -0.406669629 8.075001080 23.056074908 773 The_Tree-68.jpg

774 0.322935594 0.847781471 -0.395840331 0.142441608 1.322070366 8.974562220 20.556290776 774 The_Tree-69.jpg

775 -0.073248467 -0.068416050 -0.675115424 0.730871446 0.075858494 4.879920062 12.081219458 775 The_Tree-7.jpg

776 0.186303481 0.480474848 0.794556289 -0.321115614 -0.126546495 9.929592401 22.459724052 776 The_Tree-70.jpg

777 0.679015855 0.652659728 0.230203770 -0.244906047 -1.673486458 9.677684688 21.750721584 777 The_Tree-71.jpg

778 0.255058811 0.661645752 -0.661484591 0.244147573 1.075818706 8.826402132 20.805949775 778 The_Tree-72.jpg

779 -0.265422315 -0.595480737 0.697143843 -0.298235056 0.674537085 10.388735748 20.389541635 779 The_Tree-73.jpg

780 -0.248633657 -0.554630380 0.729807531 -0.312965517 0.703357651 10.430159803 20.356745748 780 The_Tree-74.jpg

781 -0.239388980 -0.533999252 0.744765553 -0.320721041 1.490487069 10.316342829 20.458750094 781 The_Tree-75.jpg

782 0.708829853 0.619992262 0.220601023 -0.253978392 -0.705160427 5.902179806 12.938466630 782 The_Tree-76.jpg

783 0.736725192 0.646945595 0.127526092 -0.149781455 -0.499048944 5.998672799 13.142166396 783 The_Tree-77.jpg

784 0.754491520 0.651333664 0.051297641 -0.062253962 -0.099940943 6.184405871 12.819804879 784 The_Tree-78.jpg

785 0.748291658 0.647534397 0.091298118 -0.111460541 -0.430746065 6.158056492 13.064029611 785 The_Tree-79.jpg

786 0.465740177 0.404346018 -0.517884986 0.592777805 0.071226695 6.406639234 12.814620526 786 The_Tree-8.jpg

787 0.030145813 0.027439197 -0.678416936 0.733545351 0.179771997 4.889534216 12.079808024 787 The_Tree-80.jpg

788 0.750950049 0.648925094 0.078510219 -0.093842379 0.060617438 6.157458023 13.021946345 788 The_Tree-81.jpg

789 0.757017218 0.653086384 0.011439702 -0.016499688 -0.633072133 6.194986428 12.744322184 789 The_Tree-82.jpg

790 0.757025733 0.653130335 -0.013116825 0.012678860 0.021699492 6.286959754 12.881103008 790 The_Tree-83.jpg

791 0.755138081 0.651281076 -0.050828496 0.054917233 -0.679021658 6.223572036 12.866270077 791 The_Tree-84.jpg

792 0.580777434 0.516098251 0.416506728 -0.472082952 0.374773082 5.562707239 12.222694163 792 The_Tree-85.jpg

793 0.673348676 0.589836202 0.292158134 -0.336657748 -0.289255432 5.899624673 12.819772190 793 The_Tree-86.jpg

794 -0.134928392 -0.276164826 0.864597204 -0.397490871 -0.095138603 9.854532212 22.685059328 794 The_Tree-87.jpg

795 0.702780374 0.702477983 -0.084190661 0.074406729 3.477597026 11.116789952 -34.895289689 795 The_Tree-88.jpg

796 0.374197786 0.922350437 -0.091339891 0.030045186 0.365860137 8.792564965 22.608244407 796 The_Tree-89.jpg

797 0.478245434 0.414166620 -0.510638911 0.582232959 -0.052837812 6.488376106 13.347242651 797 The_Tree-9.jpg

798 0.374167714 0.919071849 -0.117092357 0.039935410 0.417286836 8.861479681 22.672481729 798 The_Tree-90.jpg

799 0.365024232 0.895635401 -0.238213478 0.088593891 0.814489051 8.930893249 22.605328636 799 The_Tree-91.jpg

800 0.371549314 0.912346719 -0.161872670 0.058067286 0.046297625 8.949249131 22.571836066 800 The_Tree-92.jpg

801 0.428114286 0.862296272 0.240321366 -0.124132743 -0.337068106 10.477983543 19.959121315 801 The_Tree-93.jpg

802 0.433414207 0.871388642 0.203677581 -0.106533578 -0.243441248 10.421330727 20.076338929 802 The_Tree-94.jpg

803 0.438670336 0.882486969 0.149628185 -0.079978068 0.238884488 10.261150374 20.298588186 803 The_Tree-95.jpg

804 0.437048888 0.879062750 0.168234930 -0.089072779 0.128897060 10.301619206 20.227462635 804 The_Tree-96.jpg

805 0.368887553 0.928949063 0.025655488 -0.017815953 0.166516603 8.740091772 22.444063832 805 The_Tree-97.jpg

806 -0.006492323 -0.002664333 0.777660450 -0.628645349 -0.733743271 10.116595687 22.750934887 806 The_Tree-98.jpg

807 0.696535688 0.678246541 -0.167463986 0.163632145 -1.851707013 9.661912418 21.522921982 807 The_Tree-99.jpg

